         1     -25.9056
         2     -36.1624
         3     -52.4422
         4     -64.3516
         5     -88.9863
         6    -114.7943
         7     -92.6844
         8     -96.2167
         9    -137.1567
        10    -116.6878
        11     -85.4573
        12     -98.3079
        13    -160.0962
        14    -199.5886
        15    -142.5473
        16    -147.5579
        17    -214.2445
        18    -169.3568
        19     -88.7740
        20     -56.2090
        21     -37.1731
        22     -72.0231
        23    -114.3776
        24     -85.1905
        25     -98.2911
        26    -132.8753
        27     -86.4446
        28     -59.1017
        29    -117.7104
        30    -187.1523
        31    -173.5933
        32    -111.0192
        33    -102.7414
        34    -130.9912
        35    -121.4672
        36    -119.4667
        37    -199.8354
        38    -241.1095
        39    -181.5708
        40    -195.4439
        41    -289.4042
        42    -277.1165
        43    -165.3355
        44    -143.8818
        45    -232.8564
        46    -253.6919
        47    -169.8122
        48    -120.7768
        49    -149.7394
        50    -168.3775
        51    -173.9489
        52    -187.0227
        53    -152.5950
        54    -114.9199
        55    -101.3499
        56     -74.0042
        57     -56.7266
        58     -59.4824
        59     -63.6072
        60     -99.1643
        61    -138.9638
        62    -122.4170
        63    -114.0458
        64    -127.1072
        65    -145.3572
        66    -182.2070
        67    -198.9695
        68    -188.7403
        69    -199.7979
        70    -214.9639
        71    -168.2338
        72    -122.1624
        73    -100.6275
        74     -74.1610
        75     -77.6417
        76    -129.7377
        77    -201.1099
        78    -185.8516
        79    -137.4702
        80    -128.4740
        81     -65.2771
        82      -9.7333
        83     -17.2315
        84     -37.6351
        85     -61.1250
        86     -70.0443
        87     -60.8840
        88     -51.4951
        89     -61.3007
        90     -68.2277
        91     -86.3236
        92    -111.2084
        93    -140.2992
        94    -181.9509
        95    -169.0841
        96    -128.1875
        97     -99.5107
        98    -129.5751
        99    -169.9759
       100    -134.8571
       101    -120.5185
       102    -165.1494
       103    -175.3462
       104    -111.2586
       105     -56.8582
       106     -50.9453
       107     -87.8035
       108    -123.1472
       109     -91.2498
       110     -56.9786
       111     -76.9393
       112     -93.0021
       113     -70.6935
       114     -53.7417
       115     -71.3434
       116    -100.6980
       117    -131.0153
       118    -188.8047
       119    -269.0064
       120    -277.9350
       121    -188.4886
       122    -170.7640
       123    -266.6997
       124    -270.7637
       125    -196.4385
       126    -240.9654
       127    -284.2149
       128    -208.3240
       129    -145.8805
       130    -183.7953
       131    -280.3775
       132    -263.5548
       133    -170.2816
       134    -152.4514
       135    -128.3187
       136     -80.5936
       137     -70.4071
       138     -69.9206
       139     -72.8606
       140     -81.8264
       141     -76.7358
       142     -53.2753
       143     -27.3848
       144     -30.1761
       145     -53.4407
       146     -95.5690
       147    -145.2625
       148    -135.9235
       149     -96.7061
       150     -88.0631
       151    -147.4317
       152    -205.5600
       153    -177.9620
       154    -151.1460
       155    -158.1156
       156    -148.6837
       157     -97.9458
       158     -60.1003
       159     -56.9125
       160     -46.3369
       161     -89.9992
       162    -159.2084
       163    -142.3856
       164    -133.8118
       165    -183.6170
       166    -166.2951
       167     -93.2610
       168     -94.6067
       169    -138.1477
       170    -168.2930
       171    -182.6616
       172    -130.8623
       173     -67.2927
       174     -34.4557
       175     -43.4691
       176     -98.2527
       177    -113.7020
       178     -78.7052
       179     -82.0554
       180    -108.5621
       181     -83.8697
       182     -69.3095
       183    -102.8015
       184    -115.8662
       185     -91.1249
       186     -55.9068
       187     -20.4288
       188      -3.9426
       189     -15.0740
       190     -39.2818
       191     -59.9353
       192     -62.5194
       193     -53.9068
       194     -47.5328
       195     -55.1742
       196     -60.7994
       197     -84.2573
       198    -114.9073
       199    -142.4861
       200    -180.9124
       201    -169.8621
       202    -131.7020
       203    -102.9405
       204    -132.1458
       205    -169.7535
       206    -133.4576
       207    -122.5171
       208    -167.7267
       209    -178.8179
       210    -117.9359
       211     -62.2863
       212     -56.2823
       213     -93.3898
       214    -124.8922
       215     -91.9705
       216     -59.6420
       217     -81.0136
       218     -96.7373
       219     -72.9391
       220     -55.6139
       221     -75.0362
       222    -106.3260
       223    -134.0997
       224    -188.8751
       225    -269.0453
       226    -276.1938
       227    -184.1512
       228    -167.8246
       229    -264.6004
       230    -266.7647
       231    -192.9751
       232    -238.3901
       233    -279.1059
       234    -201.4292
       235    -141.8975
       236    -179.6677
       237    -273.2409
       238    -261.1402
       239    -174.0704
       240    -155.2875
       241    -130.1223
       242     -83.1553
       243     -72.3865
       244     -71.4735
       245     -77.0979
       246     -88.4328
       247     -79.2803
       248     -52.4160
       249     -26.4848
       250     -27.9179
       251     -49.7430
       252     -91.3269
       253    -140.2448
       254    -132.3563
       255     -95.8857
       256     -87.0315
       257    -146.8891
       258    -206.4919
       259    -179.7738
       260    -155.5940
       261    -161.6174
       262    -150.0626
       263    -101.8530
       264     -65.4961
       265     -60.8388
       266     -47.7277
       267     -92.9452
       268    -164.5504
       269    -146.5747
       270    -140.3629
       271    -190.2829
       272    -167.4747
       273     -90.8149
       274     -89.4311
       275    -132.9379
       276    -165.6633
       277    -179.5353
       278    -127.2577
       279     -65.1712
       280     -32.5092
       281     -38.8622
       282     -90.0214
       283    -105.5480
       284     -72.8937
       285     -78.3402
       286    -107.3767
       287     -82.9083
       288     -68.5353
       289    -105.7235
       290    -121.5047
       291     -93.2192
       292     -42.9689
       293      10.1325
       294      23.3242
       295      -5.7435
       296     -34.6605
       297     -49.7186
       298     -64.7393
       299     -77.9803
       300    -115.1604
       301    -159.7181
       302    -144.8740
       303    -144.8451
       304    -192.9926
       305    -217.1259
       306    -183.9660
       307    -147.4823
       308    -177.7105
       309    -182.2849
       310    -120.0514
       311     -94.5279
       312    -102.1380
       313     -86.7507
       314     -65.3899
       315     -64.0002
       316     -66.0731
       317     -95.0771
       318    -129.4583
       319     -89.0081
       320     -51.5295
       321     -78.8352
       322    -131.3949
       323    -153.2897
       324    -167.3398
       325    -232.0280
       326    -234.4672
       327    -156.0339
       328    -185.1440
       329    -287.5327
       330    -256.6305
       331    -158.8186
       332    -161.4100
       333    -250.2442
       334    -267.7540
       335    -184.1173
       336    -191.6555
       337    -241.2249
       338    -169.1685
       339    -100.6860
       340    -116.5089
       341    -123.5379
       342    -110.8881
       343    -140.6671
       344    -168.7752
       345    -136.3655
       346    -124.6793
       347    -129.2742
       348     -82.1845
       349     -47.6582
       350     -52.8930
       351     -61.3502
       352    -103.0657
       353    -149.0016
       354    -127.6457
       355     -99.3722
       356    -108.1932
       357    -167.7187
       358    -220.0610
       359    -175.0661
       360    -137.4419
       361    -174.3604
       362    -199.3671
       363    -180.0218
       364    -170.3525
       365    -181.5125
       366    -166.1394
       367    -102.2991
       368     -62.1231
       369    -106.8411
       370    -156.8761
       371    -137.9969
       372    -104.5066
       373    -103.3386
       374    -124.9304
       375    -132.8697
       376    -111.3825
       377     -91.9904
       378     -84.7068
       379     -91.7072
       380    -104.2136
       381    -125.7912
       382    -135.7015
       383    -105.6906
       384    -105.7773
       385    -128.3958
       386     -96.6426
       387     -61.7673
       388     -47.9499
       389     -26.6179
       390     -21.4721
       391     -36.1729
       392     -47.6624
       393     -60.0626
       394     -74.2969
       395    -115.5875
       396    -162.2393
       397    -147.6565
       398    -149.0038
       399    -196.9787
       400    -219.2344
       401    -184.6666
       402    -149.3436
       403    -182.4798
       404    -184.7202
       405    -116.1007
       406     -89.3613
       407     -98.6987
       408     -84.5625
       409     -65.0609
       410     -63.0348
       411     -63.8371
       412     -93.8542
       413    -129.6937
       414     -88.9596
       415     -50.1477
       416     -77.8674
       417    -132.5901
       418    -156.8675
       419    -171.0426
       420    -235.2068
       421    -239.3385
       422    -161.4511
       423    -187.1957
       424    -286.0926
       425    -255.6792
       426    -160.0918
       427    -162.9561
       428    -249.7988
       429    -268.1017
       430    -186.1266
       431    -190.6522
       432    -240.1134
       433    -172.1165
       434    -102.5015
       435    -116.5956
       436    -126.5678
       437    -112.2993
       438    -138.2671
       439    -167.8544
       440    -137.0152
       441    -125.6033
       442    -132.4723
       443     -87.2205
       444     -50.6363
       445     -51.6705
       446     -57.0882
       447     -98.1730
       448    -144.8053
       449    -125.0724
       450     -97.9110
       451    -107.5727
       452    -168.4398
       453    -220.0895
       454    -175.2777
       455    -138.1647
       456    -173.4165
       457    -196.4641
       458    -176.0123
       459    -164.7177
       460    -174.8077
       461    -161.8992
       462    -100.6098
       463     -62.7914
       464    -109.6456
       465    -160.8924
       466    -142.5114
       467    -106.4793
       468    -104.2897
       469    -129.2784
       470    -138.3127
       471    -116.0032
       472     -95.2568
       473     -84.6261
       474     -90.2211
       475    -102.9587
       476    -124.2971
       477    -132.8883
       478    -101.0079
       479    -100.6032
       480    -123.1047
       481     -88.1851
       482     -48.6331
       483     -34.0784
       484     -16.8093
       485     -15.6838
       486     -29.9889
       487     -49.0681
       488     -67.7512
       489     -70.6344
       490     -61.0026
       491     -60.1763
       492     -72.8558
       493     -86.3446
       494    -118.3479
       495    -146.5480
       496    -138.9727
       497    -152.8010
       498    -152.3599
       499    -101.9978
       500    -118.3870
       501    -162.9050
       502    -123.6445
       503     -74.0166
       504     -66.9874
       505     -70.2953
       506     -79.3759
       507    -101.4051
       508    -138.2867
       509    -149.9760
       510    -108.7931
       511     -91.3557
       512    -105.1611
       513    -155.6074
       514    -215.5145
       515    -181.7253
       516    -171.1572
       517    -231.9603
       518    -223.5703
       519    -153.3623
       520    -145.6370
       521    -172.6110
       522    -141.5838
       523     -91.7722
       524     -90.7147
       525    -114.0063
       526     -89.1948
       527     -56.6328
       528     -78.1858
       529    -106.8287
       530    -141.6285
       531    -174.0691
       532    -119.9111
       533     -52.1903
       534     -64.1190
       535    -130.2127
       536    -183.0893
       537    -176.6175
       538    -211.9599
       539    -265.9626
       540    -201.0214
       541    -136.5936
       542    -141.3134
       543    -127.2705
       544    -119.2676
       545    -169.3589
       546    -253.8267
       547    -281.7663
       548    -218.3609
       549    -181.7946
       550    -257.1157
       551    -280.6268
       552    -170.4156
       553    -105.4232
       554    -113.7114
       555    -139.2597
       556    -176.2856
       557    -163.3838
       558    -151.4618
       559    -165.4331
       560    -133.5284
       561     -83.7648
       562     -62.6632
       563     -81.3156
       564    -102.1497
       565    -126.3849
       566    -160.8807
       567    -137.0618
       568     -94.0048
       569     -90.7291
       570    -143.3616
       571    -193.2662
       572    -190.4139
       573    -186.6260
       574    -152.5423
       575    -103.2539
       576    -115.1027
       577    -144.8723
       578    -112.4523
       579     -68.4179
       580     -50.1251
       581     -19.2290
       582       0.0000
       583       0.0000
       584       0.0000
       585       0.0000
       586       0.0000
       587       0.0000
       588       0.0000
       589       0.0000
       590       0.0000
       591       0.0000
       592       0.0000
       593       0.0000
       594       0.0000
       595       0.0000
       596       0.0000
       597       0.0000
       598       0.0000
       599       0.0000
       600       0.0000
       601       0.0000
       602       0.0000
       603       0.0000
       604       0.0000
       605       0.0000
       606       0.0000
       607       0.0000
       608       0.0000
       609       0.0000
       610       0.0000
       611       0.0000
       612       0.0000
       613       0.0000
       614       0.0000
       615       0.0000
       616       0.0000
       617       0.0000
       618       0.0000
       619       0.0000
       620       0.0000
       621       0.0000
       622       0.0000
       623       0.0000
       624       0.0000
       625       0.0000
       626       0.0000
       627       0.0000
       628       0.0000
       629       0.0000
       630       0.0000
       631       0.0000
       632       0.0000
       633       0.0000
       634       0.0000
       635       0.0000
       636       0.0000
       637       0.0000
       638       0.0000
       639       0.0000
       640       0.0000
       641       0.0000
       642       0.0000
       643       0.0000
       644       0.0000
       645       0.0000
       646       0.0000
       647       0.0000
       648       0.0000
       649       0.0000
       650       0.0000
       651       0.0000
       652       0.0000
       653       0.0000
       654       0.0000
       655       0.0000
       656       0.0000
       657       0.0000
       658       0.0000
       659       0.0000
       660       0.0000
       661       0.0000
       662       0.0000
       663       0.0000
       664       0.0000
       665       0.0000
       666       0.0000
       667       0.0000
       668       0.0000
       669       0.0000
       670       0.0000
       671       0.0000
       672       0.0000
       673       0.0000
       674       0.0000
       675       0.0000
       676       0.0000
       677       0.0000
       678       0.0000
       679       0.0000
       680       0.0000
       681       0.0000
       682       0.0000
       683       0.0000
       684       0.0000
       685       0.0000
       686       0.0000
       687       0.0000
       688       0.0000
       689       0.0000
       690       0.0000
       691       0.0000
       692       0.0000
       693       0.0000
       694       0.0000
       695       0.0000
       696       0.0000
       697       0.0000
       698       0.0000
       699       0.0000
       700       0.0000
       701       0.0000
       702       0.0000
       703       0.0000
       704       0.0000
       705       0.0000
       706       0.0000
       707       0.0000
       708       0.0000
       709       0.0000
       710       0.0000
       711       0.0000
       712       0.0000
       713       0.0000
       714       0.0000
       715       0.0000
       716       0.0000
       717       0.0000
       718       0.0000
       719       0.0000
       720       0.0000
       721       0.0000
       722       0.0000
       723       0.0000
       724       0.0000
       725       0.0000
       726       0.0000
       727       0.0000
       728       0.0000
       729       0.0000
       730       0.0000
       731       0.0000
       732       0.0000
       733       0.0000
       734       0.0000
       735       0.0000
       736       0.0000
       737       0.0000
       738       0.0000
       739       0.0000
       740       0.0000
       741       0.0000
       742       0.0000
       743       0.0000
       744       0.0000
       745       0.0000
       746       0.0000
       747       0.0000
       748       0.0000
       749       0.0000
       750       0.0000
       751       0.0000
       752       0.0000
       753       0.0000
       754       0.0000
       755       0.0000
       756       0.0000
       757       0.0000
       758       0.0000
       759       0.0000
       760       0.0000
       761       0.0000
       762       0.0000
       763       0.0000
       764       0.0000
       765       0.0000
       766       0.0000
       767       0.0000
       768       0.0000
       769       0.0000
       770       0.0000
       771       0.0000
       772       0.0000
       773       0.0000
       774       0.0000
       775       0.0000
       776       0.0000
       777       0.0000
       778       0.0000
       779       0.0000
       780       0.0000
       781       0.0000
       782       0.0000
       783       0.0000
       784       0.0000
       785       0.0000
       786       0.0000
       787       0.0000
       788       0.0000
       789       0.0000
       790       0.0000
       791       0.0000
       792       0.0000
       793       0.0000
       794       0.0000
       795       0.0000
       796       0.0000
       797       0.0000
       798       0.0000
       799       0.0000
       800       0.0000
       801       0.0000
       802       0.0000
       803       0.0000
       804       0.0000
       805       0.0000
       806       0.0000
       807       0.0000
       808       0.0000
       809       0.0000
       810       0.0000
       811       0.0000
       812       0.0000
       813       0.0000
       814       0.0000
       815       0.0000
       816       0.0000
       817       0.0000
       818       0.0000
       819       0.0000
       820       0.0000
       821       0.0000
       822       0.0000
       823       0.0000
       824       0.0000
       825       0.0000
       826       0.0000
       827       0.0000
       828       0.0000
       829       0.0000
       830       0.0000
       831       0.0000
       832       0.0000
       833       0.0000
       834       0.0000
       835       0.0000
       836       0.0000
       837       0.0000
       838       0.0000
       839       0.0000
       840       0.0000
       841       0.0000
       842       0.0000
       843       0.0000
       844       0.0000
       845       0.0000
       846       0.0000
       847       0.0000
       848       0.0000
       849       0.0000
       850       0.0000
       851       0.0000
       852       0.0000
       853       0.0000
       854       0.0000
       855       0.0000
       856       0.0000
       857       0.0000
       858       0.0000
       859       0.0000
       860       0.0000
       861       0.0000
       862       0.0000
       863       0.0000
       864       0.0000
       865       0.0000
       866       0.0000
       867       0.0000
       868       0.0000
       869       0.0000
       870      -5.0332
       871     -18.5585
       872     -34.7369
       873     -50.4369
       874     -59.2185
       875     -80.7121
       876    -108.2421
       877     -89.8929
       878     -93.5778
       879    -132.3870
       880    -112.8513
       881     -82.7740
       882     -94.6406
       883    -154.4163
       884    -192.2591
       885    -136.6234
       886    -142.7908
       887    -208.8607
       888    -168.3863
       889     -90.2963
       890     -52.4388
       891     -32.6271
       892     -68.7218
       893    -111.9100
       894     -86.1890
       895     -97.1535
       896    -127.4655
       897     -82.5041
       898     -57.6313
       899    -113.6996
       900    -179.2020
       901    -166.9879
       902    -107.7261
       903    -100.0652
       904    -128.0025
       905    -118.7922
       906    -115.5458
       907    -192.5427
       908    -233.6019
       909    -176.1609
       910    -190.0352
       911    -282.1824
       912    -268.9954
       913    -160.6510
       914    -142.3425
       915    -229.2938
       916    -247.1142
       917    -164.8753
       918    -119.5052
       919    -148.5439
       920    -166.5729
       921    -174.3610
       922    -189.2593
       923    -153.8479
       924    -114.1786
       925     -99.2340
       926     -71.9371
       927     -55.7625
       928     -57.9515
       929     -56.1781
       930     -88.8580
       931    -136.2225
       932    -123.8958
       933    -113.7763
       934    -127.7136
       935    -145.0868
       936    -179.7624
       937    -197.7501
       938    -189.1019
       939    -199.2200
       940    -212.8244
       941    -165.2647
       942    -119.1747
       943     -98.9276
       944     -72.9161
       945     -75.5254
       946    -124.8981
       947    -192.1293
       948    -177.7410
       949    -126.5923
       950    -111.4071
       951     -54.5040
       952      -7.5152
       953     -18.1012
       954     -33.3904
       955     -51.0669
       956     -68.0248
       957     -68.5677
       958     -59.0880
       959     -60.4678
       960     -74.9161
       961     -88.5672
       962    -120.5783
       963    -149.6566
       964    -137.8867
       965    -147.7763
       966    -150.3744
       967    -101.1261
       968    -112.6131
       969    -152.2590
       970    -116.1900
       971     -73.9717
       972     -70.1741
       973     -73.1332
       974     -78.9998
       975     -93.7867
       976    -124.0846
       977    -132.9057
       978     -91.0175
       979     -77.6668
       980     -96.9359
       981    -147.6791
       982    -207.7413
       983    -176.0619
       984    -168.0297
       985    -233.0124
       986    -226.7357
       987    -154.5106
       988    -146.3211
       989    -178.4525
       990    -151.2614
       991    -104.5967
       992    -102.1430
       993    -117.3961
       994     -88.6172
       995     -54.2811
       996     -74.7833
       997    -100.0507
       998    -131.1993
       999    -167.6853
      1000    -119.2917
      1001     -54.1163
      1002     -63.2321
      1003    -124.2438
      1004    -177.7280
      1005    -170.2537
      1006    -199.8668
      1007    -256.3703
      1008    -196.0312
      1009    -129.7931
      1010    -135.9719
      1011    -125.8633
      1012    -118.2464
      1013    -168.7935
      1014    -252.4180
      1015    -273.8501
      1016    -209.0247
      1017    -177.3876
      1018    -250.0076
      1019    -268.5008
      1020    -166.5677
      1021    -111.7965
      1022    -116.6277
      1023    -138.3923
      1024    -178.4224
      1025    -164.4241
      1026    -146.9819
      1027    -158.4829
      1028    -126.2152
      1029     -77.5455
      1030     -59.6485
      1031     -81.9302
      1032    -105.9151
      1033    -128.4752
      1034    -158.8106
      1035    -134.4392
      1036     -93.6233
      1037     -90.6366
      1038    -141.1657
      1039    -193.6661
      1040    -194.8590
      1041    -189.3238
      1042    -153.1121
      1043    -104.0385
      1044    -118.2091
      1045    -148.5298
      1046    -111.8605
      1047     -66.5799
      1048     -66.1999
