         1    -114.6049
         2    -115.5844
         3    -116.6103
         4    -117.6562
         5    -118.6930
         6    -119.7072
         7    -120.5718
         8    -121.4043
         9    -122.2411
        10    -122.9145
        11    -123.6323
        12    -124.3497
        13    -125.0639
        14    -125.7535
        15    -126.2409
        16    -126.7905
        17    -127.3788
        18    -127.8155
        19    -128.2242
        20    -128.7541
        21    -129.3283
        22    -129.9789
        23    -130.6938
        24    -131.2945
        25    -131.9477
        26    -132.6143
        27    -133.2569
        28    -133.9931
        29    -134.7607
        30    -135.5759
        31    -136.2543
        32    -136.8144
        33    -137.3664
        34    -137.9024
        35    -138.3956
        36    -138.8582
        37    -139.3423
        38    -139.7280
        39    -139.9362
        40    -140.1355
        41    -140.2749
        42    -140.2784
        43    -140.0976
        44    -139.9937
        45    -139.9093
        46    -139.7453
        47    -139.4178
        48    -139.0857
        49    -138.8210
        50    -138.5335
        51    -138.1868
        52    -137.8631
        53    -137.4397
        54    -136.9703
        55    -136.4500
        56    -135.8920
        57    -135.3260
        58    -134.8581
        59    -134.3933
        60    -133.9240
        61    -133.5006
        62    -133.0143
        63    -132.5030
        64    -131.9681
        65    -131.3884
        66    -130.8869
        67    -130.2886
        68    -129.6660
        69    -129.0941
        70    -128.6077
        71    -127.9729
        72    -127.3147
        73    -126.6833
        74    -126.1132
        75    -125.6114
        76    -125.1617
        77    -124.8022
        78    -124.3993
        79    -123.8992
        80    -123.4226
        81    -122.9470
        82    -122.6630
        83    -122.4871
        84    -122.4022
        85    -122.3793
        86    -122.3810
        87    -122.4090
        88    -122.4395
        89    -122.5426
        90    -122.7590
        91    -122.9844
        92    -123.2658
        93    -123.5431
        94    -123.9178
        95    -124.1429
        96    -124.3466
        97    -124.5908
        98    -124.9626
        99    -125.3319
       100    -125.5900
       101    -125.8714
       102    -126.2596
       103    -126.6152
       104    -126.9624
       105    -127.3398
       106    -127.8008
       107    -128.2948
       108    -128.7891
       109    -129.1861
       110    -129.5733
       111    -129.9594
       112    -130.4185
       113    -130.8934
       114    -131.4104
       115    -132.0040
       116    -132.6947
       117    -133.3465
       118    -134.0362
       119    -134.7116
       120    -135.3155
       121    -135.7984
       122    -136.3281
       123    -136.8373
       124    -137.1777
       125    -137.2968
       126    -137.4161
       127    -137.4173
       128    -137.2076
       129    -136.9841
       130    -136.7938
       131    -136.5550
       132    -136.1551
       133    -135.5677
       134    -134.9643
       135    -134.2498
       136    -133.4712
       137    -132.6811
       138    -131.8556
       139    -131.0096
       140    -130.1418
       141    -129.2536
       142    -128.3628
       143    -127.4627
       144    -126.6355
       145    -125.8317
       146    -125.1161
       147    -124.4096
       148    -123.6923
       149    -122.9145
       150    -122.2226
       151    -121.5996
       152    -121.0047
       153    -120.2411
       154    -119.4982
       155    -118.7924
       156    -118.0575
       157    -117.2337
       158    -116.4353
       159    -115.7101
       160    -115.0384
       161    -114.3822
       162    -113.7350
       163    -112.9517
       164    -112.2039
       165    -111.4183
       166    -110.5114
       167    -109.4945
       168    -108.5417
       169    -107.5875
       170    -106.5946
       171    -105.6315
       172    -104.6591
       173    -103.7046
       174    -102.8171
       175    -102.1238
       176    -101.6931
       177    -101.2505
       178    -100.8521
       179    -100.6561
       180    -100.6131
       181    -100.5399
       182    -100.5613
       183    -100.8151
       184    -101.1568
       185    -101.4891
       186    -101.8759
       187    -102.3937
       188    -103.0407
       189    -103.7609
       190    -104.5693
       191    -105.4281
       192    -106.2892
       193    -107.1647
       194    -108.0462
       195    -108.9273
       196    -109.8176
       197    -110.7027
       198    -111.6062
       199    -112.4464
       200    -113.3054
       201    -114.0039
       202    -114.6735
       203    -115.3148
       204    -116.0788
       205    -116.8288
       206    -117.4989
       207    -118.1869
       208    -118.9775
       209    -119.7144
       210    -120.3674
       211    -121.0236
       212    -121.7306
       213    -122.4433
       214    -123.2157
       215    -123.9213
       216    -124.6292
       217    -125.3957
       218    -126.2846
       219    -127.1296
       220    -128.0113
       221    -129.0005
       222    -130.0720
       223    -131.1571
       224    -132.2262
       225    -133.2399
       226    -134.1075
       227    -134.8030
       228    -135.4822
       229    -136.1465
       230    -136.6158
       231    -136.8472
       232    -137.1149
       233    -137.2597
       234    -137.1720
       235    -137.0325
       236    -136.8882
       237    -136.7122
       238    -136.3193
       239    -135.7428
       240    -135.1413
       241    -134.4309
       242    -133.6523
       243    -132.8453
       244    -131.9840
       245    -131.0974
       246    -130.1876
       247    -129.2387
       248    -128.2806
       249    -127.3292
       250    -126.4618
       251    -125.6921
       252    -125.0219
       253    -124.4030
       254    -123.7851
       255    -123.1819
       256    -122.6335
       257    -122.1520
       258    -121.7020
       259    -121.1488
       260    -120.6041
       261    -120.0353
       262    -119.4481
       263    -118.7631
       264    -118.0597
       265    -117.3648
       266    -116.7118
       267    -116.0730
       268    -115.5049
       269    -114.7862
       270    -114.0533
       271    -113.2766
       272    -112.4034
       273    -111.4692
       274    -110.5895
       275    -109.8035
       276    -109.0636
       277    -108.3799
       278    -107.6819
       279    -107.1135
       280    -106.6341
       281    -106.2995
       282    -106.1376
       283    -106.0244
       284    -106.0457
       285    -106.2031
       286    -106.4421
       287    -106.7453
       288    -107.0974
       289    -107.5690
       290    -108.1169
       291    -108.6482
       292    -109.2204
       293    -109.8501
       294    -110.6081
       295    -111.4707
       296    -112.3887
       297    -113.3751
       298    -114.3800
       299    -115.3891
       300    -116.3674
       301    -117.3252
       302    -118.1357
       303    -118.9714
       304    -119.7640
       305    -120.5089
       306    -121.1672
       307    -121.7485
       308    -122.4100
       309    -123.0068
       310    -123.6014
       311    -124.2333
       312    -124.9680
       313    -125.7150
       314    -126.5460
       315    -127.4226
       316    -128.3586
       317    -129.2896
       318    -130.2188
       319    -131.0330
       320    -131.9881
       321    -132.9971
       322    -134.0366
       323    -135.0952
       324    -136.1325
       325    -137.1715
       326    -138.0577
       327    -138.8430
       328    -139.6076
       329    -140.4196
       330    -141.0052
       331    -141.4678
       332    -141.9072
       333    -142.2863
       334    -142.5350
       335    -142.6361
       336    -142.6990
       337    -142.6804
       338    -142.4890
       339    -142.2216
       340    -141.9272
       341    -141.5915
       342    -141.2252
       343    -140.8416
       344    -140.4179
       345    -139.8394
       346    -139.2536
       347    -138.6314
       348    -137.9418
       349    -137.3082
       350    -136.7566
       351    -136.2752
       352    -135.8126
       353    -135.4603
       354    -135.0778
       355    -134.6939
       356    -134.3518
       357    -134.0561
       358    -133.7787
       359    -133.3154
       360    -132.8556
       361    -132.4065
       362    -131.8883
       363    -131.2903
       364    -130.6525
       365    -129.9143
       366    -129.1034
       367    -128.2002
       368    -127.3456
       369    -126.5144
       370    -125.8060
       371    -125.0608
       372    -124.2888
       373    -123.5103
       374    -122.8593
       375    -122.2839
       376    -121.6745
       377    -121.1525
       378    -120.7545
       379    -120.4828
       380    -120.2263
       381    -120.1021
       382    -120.1129
       383    -120.0983
       384    -120.0911
       385    -120.1754
       386    -120.3081
       387    -120.4639
       388    -120.6837
       389    -121.0699
       390    -121.5409
       391    -122.0648
       392    -122.6800
       393    -123.3314
       394    -123.9967
       395    -124.6617
       396    -125.3807
       397    -125.9838
       398    -126.6264
       399    -127.2662
       400    -127.8049
       401    -128.2197
       402    -128.5478
       403    -128.9455
       404    -129.2642
       405    -129.5382
       406    -129.8541
       407    -130.2368
       408    -130.6241
       409    -131.0689
       410    -131.6452
       411    -132.3081
       412    -132.9907
       413    -133.7170
       414    -134.4122
       415    -135.2023
       416    -136.0843
       417    -137.0145
       418    -137.9599
       419    -138.8348
       420    -139.7091
       421    -140.4372
       422    -141.0776
       423    -141.6912
       424    -142.2918
       425    -142.6689
       426    -142.9434
       427    -143.2435
       428    -143.5113
       429    -143.6435
       430    -143.6070
       431    -143.5385
       432    -143.4070
       433    -143.0822
       434    -142.7142
       435    -142.3310
       436    -141.8929
       437    -141.4300
       438    -140.9551
       439    -140.4364
       440    -139.7957
       441    -139.0941
       442    -138.3484
       443    -137.5105
       444    -136.6820
       445    -135.9139
       446    -135.1777
       447    -134.4864
       448    -133.9105
       449    -133.2408
       450    -132.5818
       451    -132.0217
       452    -131.5054
       453    -130.9990
       454    -130.3088
       455    -129.6321
       456    -128.9618
       457    -128.2464
       458    -127.4160
       459    -126.6064
       460    -125.7112
       461    -124.7573
       462    -123.7092
       463    -122.6688
       464    -121.7353
       465    -120.8629
       466    -119.9031
       467    -118.9622
       468    -118.0664
       469    -117.1976
       470    -116.3487
       471    -115.5006
       472    -114.7341
       473    -114.0262
       474    -113.3357
       475    -112.6794
       476    -112.1230
       477    -111.5930
       478    -111.0083
       479    -110.4643
       480    -109.9978
       481    -109.6281
       482    -109.2887
       483    -108.9914
       484    -108.8034
       485    -108.7177
       486    -108.7314
       487    -108.8350
       488    -109.0181
       489    -109.3220
       490    -109.6781
       491    -110.1135
       492    -110.6187
       493    -111.1479
       494    -111.7241
       495    -112.3039
       496    -112.8600
       497    -113.4774
       498    -114.0813
       499    -114.6046
       500    -115.2646
       501    -116.0361
       502    -116.7076
       503    -117.3792
       504    -118.0979
       505    -118.9286
       506    -119.8348
       507    -120.8024
       508    -121.7913
       509    -122.8639
       510    -123.8790
       511    -124.9402
       512    -126.0142
       513    -127.1007
       514    -128.2000
       515    -129.0944
       516    -130.0138
       517    -130.9452
       518    -131.7595
       519    -132.4463
       520    -133.1208
       521    -133.8565
       522    -134.5301
       523    -135.2414
       524    -135.9694
       525    -136.7251
       526    -137.4187
       527    -138.1739
       528    -138.9747
       529    -139.8126
       530    -140.5998
       531    -141.3551
       532    -141.9736
       533    -142.5516
       534    -143.1142
       535    -143.6623
       536    -144.1100
       537    -144.3984
       538    -144.5667
       539    -144.6374
       540    -144.4470
       541    -144.1625
       542    -143.8177
       543    -143.3613
       544    -142.8462
       545    -142.2807
       546    -141.6407
       547    -140.8612
       548    -139.8798
       549    -138.7888
       550    -137.6823
       551    -136.3916
       552    -134.8509
       553    -133.3133
       554    -131.7458
       555    -130.1008
       556    -128.4048
       557    -126.5631
       558    -124.6298
       559    -122.6449
       560    -120.5447
       561    -118.4306
       562    -116.2797
       563    -114.1259
       564    -111.9624
       565    -109.7328
       566    -107.5702
       567    -105.2825
       568    -102.9627
       569    -100.6738
       570     -98.4227
       571     -96.1298
       572     -93.6777
       573     -91.2154
       574     -88.6124
       575     -85.9447
       576     -83.2191
       577     -80.4960
       578     -77.6471
       579     -74.7388
       580     -71.8164
       581     -68.8914
       582     -65.9957
       583     -63.2027
       584     -60.4427
       585     -57.6984
       586     -54.9700
       587     -52.2927
       588     -49.6976
       589     -47.1686
       590     -44.6967
       591     -42.3704
       592     -40.1049
       593     -37.8814
       594     -35.7232
       595     -33.6097
       596     -31.5371
       597     -29.5214
       598     -27.6115
       599     -25.8235
       600     -24.1193
       601     -22.4614
       602     -20.9066
       603     -19.4947
       604     -18.1255
       605     -16.7901
       606     -15.5065
       607     -14.2603
       608     -13.1017
       609     -12.0017
       610     -10.9481
       611      -9.9759
       612      -9.0490
       613      -8.1556
       614      -7.2786
       615      -6.4316
       616      -5.6333
       617      -4.8647
       618      -4.1824
       619      -3.5452
       620      -2.9423
       621      -2.3702
       622      -1.8417
       623      -1.4158
       624      -1.0383
       625      -0.7541
       626      -0.5219
       627      -0.3271
       628      -0.1644
       629      -0.0771
       630      -0.0296
       631       0.0000
       632       0.0000
       633       0.0000
       634       0.0000
       635       0.0000
       636       0.0000
       637       0.0000
       638       0.0000
       639       0.0000
       640       0.0000
       641       0.0000
       642       0.0000
       643       0.0000
       644       0.0000
       645       0.0000
       646       0.0000
       647       0.0000
       648       0.0000
       649       0.0000
       650       0.0000
       651       0.0000
       652       0.0000
       653       0.0000
       654       0.0000
       655       0.0000
       656       0.0000
       657       0.0000
       658       0.0000
       659       0.0000
       660       0.0000
       661       0.0000
       662       0.0000
       663       0.0000
       664       0.0000
       665       0.0000
       666       0.0000
       667       0.0000
       668       0.0000
       669       0.0000
       670       0.0000
       671       0.0000
       672       0.0000
       673       0.0000
       674       0.0000
       675       0.0000
       676       0.0000
       677       0.0000
       678       0.0000
       679       0.0000
       680       0.0000
       681       0.0000
       682       0.0000
       683       0.0000
       684       0.0000
       685       0.0000
       686       0.0000
       687       0.0000
       688       0.0000
       689       0.0000
       690       0.0000
       691       0.0000
       692       0.0000
       693       0.0000
       694       0.0000
       695       0.0000
       696       0.0000
       697       0.0000
       698       0.0000
       699       0.0000
       700       0.0000
       701       0.0000
       702       0.0000
       703       0.0000
       704       0.0000
       705       0.0000
       706       0.0000
       707       0.0000
       708       0.0000
       709       0.0000
       710       0.0000
       711       0.0000
       712       0.0000
       713       0.0000
       714       0.0000
       715       0.0000
       716       0.0000
       717       0.0000
       718       0.0000
       719       0.0000
       720       0.0000
       721       0.0000
       722       0.0000
       723       0.0000
       724       0.0000
       725       0.0000
       726       0.0000
       727       0.0000
       728       0.0000
       729       0.0000
       730       0.0000
       731       0.0000
       732       0.0000
       733       0.0000
       734       0.0000
       735       0.0000
       736       0.0000
       737       0.0000
       738       0.0000
       739       0.0000
       740       0.0000
       741       0.0000
       742       0.0000
       743       0.0000
       744       0.0000
       745       0.0000
       746       0.0000
       747       0.0000
       748       0.0000
       749       0.0000
       750       0.0000
       751       0.0000
       752       0.0000
       753       0.0000
       754       0.0000
       755       0.0000
       756       0.0000
       757       0.0000
       758       0.0000
       759       0.0000
       760       0.0000
       761       0.0000
       762       0.0000
       763       0.0000
       764       0.0000
       765       0.0000
       766       0.0000
       767       0.0000
       768       0.0000
       769       0.0000
       770       0.0000
       771       0.0000
       772       0.0000
       773       0.0000
       774       0.0000
       775       0.0000
       776       0.0000
       777       0.0000
       778       0.0000
       779       0.0000
       780       0.0000
       781       0.0000
       782       0.0000
       783       0.0000
       784       0.0000
       785       0.0000
       786       0.0000
       787       0.0000
       788       0.0000
       789       0.0000
       790       0.0000
       791       0.0000
       792       0.0000
       793       0.0000
       794       0.0000
       795       0.0000
       796       0.0000
       797       0.0000
       798       0.0000
       799       0.0000
       800       0.0000
       801       0.0000
       802       0.0000
       803       0.0000
       804       0.0000
       805       0.0000
       806       0.0000
       807       0.0000
       808       0.0000
       809       0.0000
       810       0.0000
       811       0.0000
       812       0.0000
       813       0.0000
       814       0.0000
       815       0.0000
       816       0.0000
       817       0.0000
       818       0.0000
       819       0.0000
       820       0.0000
       821      -0.0077
       822      -0.0285
       823      -0.0689
       824      -0.1346
       825      -0.2211
       826      -0.3649
       827      -0.5398
       828      -0.7334
       829      -1.0024
       830      -1.3054
       831      -1.6386
       832      -2.0048
       833      -2.4203
       834      -2.9416
       835      -3.4977
       836      -4.0886
       837      -4.7946
       838      -5.5567
       839      -6.3505
       840      -7.1637
       841      -7.9871
       842      -8.8209
       843      -9.7293
       844     -10.6502
       845     -11.6041
       846     -12.6289
       847     -13.6750
       848     -14.7345
       849     -15.8344
       850     -17.0149
       851     -18.2695
       852     -19.5521
       853     -20.8702
       854     -22.2433
       855     -23.6677
       856     -25.1171
       857     -26.6430
       858     -28.2870
       859     -29.9775
       860     -31.7278
       861     -33.6042
       862     -35.6026
       863     -37.6447
       864     -39.7245
       865     -41.9040
       866     -44.1990
       867     -46.5434
       868     -48.9270
       869     -51.3665
       870     -53.8835
       871     -56.4458
       872     -59.0926
       873     -61.7591
       874     -64.4315
       875     -67.0929
       876     -69.7409
       877     -72.2890
       878     -74.8031
       879     -77.2978
       880     -79.6638
       881     -82.0360
       882     -84.3870
       883     -86.7102
       884     -88.9940
       885     -91.1058
       886     -93.2329
       887     -95.3577
       888     -97.3366
       889     -99.2580
       890    -101.2288
       891    -103.2079
       892    -105.2139
       893    -107.2406
       894    -109.1398
       895    -111.0413
       896    -112.9167
       897    -114.7353
       898    -116.5970
       899    -118.4489
       900    -120.2947
       901    -121.9840
       902    -123.5251
       903    -125.0171
       904    -126.4520
       905    -127.7938
       906    -129.0637
       907    -130.3097
       908    -131.4255
       909    -132.3243
       910    -133.1618
       911    -133.9123
       912    -134.4498
       913    -134.8178
       914    -135.1405
       915    -135.4412
       916    -135.6208
       917    -135.5906
       918    -135.4965
       919    -135.4061
       920    -135.2387
       921    -134.9434
       922    -134.5824
       923    -134.0601
       924    -133.4850
       925    -132.8785
       926    -132.2582
       927    -131.6735
       928    -131.1387
       929    -130.6035
       930    -130.0986
       931    -129.6537
       932    -129.2159
       933    -128.7779
       934    -128.3502
       935    -127.9562
       936    -127.6875
       937    -127.3325
       938    -126.9196
       939    -126.5452
       940    -126.1657
       941    -125.6368
       942    -125.0570
       943    -124.4578
       944    -123.8124
       945    -123.2164
       946    -122.5991
       947    -121.9904
       948    -121.3049
       949    -120.5711
       950    -119.8489
       951    -119.0346
       952    -118.3082
       953    -117.7033
       954    -117.1923
       955    -116.7553
       956    -116.3894
       957    -116.1545
       958    -115.9543
       959    -115.8219
       960    -115.8331
       961    -115.8717
       962    -115.9459
       963    -116.1232
       964    -116.3815
       965    -116.7163
       966    -117.0611
       967    -117.3951
       968    -117.9037
       969    -118.5275
       970    -119.0663
       971    -119.6315
       972    -120.2720
       973    -120.9435
       974    -121.7428
       975    -122.5960
       976    -123.4601
       977    -124.3617
       978    -125.1920
       979    -126.0233
       980    -126.8490
       981    -127.6269
       982    -128.4203
       983    -129.0758
       984    -129.7597
       985    -130.4179
       986    -130.9640
       987    -131.3838
       988    -131.8334
       989    -132.3680
       990    -132.8547
       991    -133.3937
       992    -134.0083
       993    -134.6605
       994    -135.2619
       995    -135.9314
       996    -136.6235
       997    -137.3194
       998    -137.9736
       999    -138.7214
      1000    -139.4057
      1001    -140.0976
      1002    -140.8856
      1003    -141.7028
      1004    -142.4827
      1005    -143.1674
      1006    -143.7921
      1007    -144.3926
      1008    -144.7971
      1009    -145.1623
      1010    -145.5356
      1011    -145.8580
      1012    -146.1831
      1013    -146.5188
      1014    -146.8431
      1015    -147.0813
      1016    -147.1780
      1017    -147.2241
      1018    -147.3174
      1019    -147.2752
      1020    -147.0331
      1021    -146.8514
      1022    -146.6788
      1023    -146.4794
      1024    -146.2867
      1025    -145.9822
      1026    -145.6253
      1027    -145.2679
      1028    -144.8263
      1029    -144.4231
      1030    -144.0292
      1031    -143.6836
      1032    -143.3846
      1033    -143.0497
      1034    -142.8578
      1035    -142.5661
      1036    -142.2924
      1037    -142.1343
      1038    -142.1006
      1039    -142.0945
      1040    -141.9240
      1041    -141.8117
      1042    -141.5567
      1043    -141.2789
      1044    -140.9883
      1045    -140.7762
      1046    -140.4073
      1047    -140.0074
      1048    -139.6538
