         1    -114.6504
         2    -115.6329
         3    -116.6617
         4    -117.7107
         5    -118.7523
         6    -119.7707
         7    -120.6391
         8    -121.4763
         9    -122.3178
        10    -122.9959
        11    -123.7177
        12    -124.4385
        13    -125.1556
        14    -125.8480
        15    -126.3383
        16    -126.8906
        17    -127.4815
        18    -127.9206
        19    -128.3318
        20    -128.8642
        21    -129.4408
        22    -130.0940
        23    -130.8116
        24    -131.4150
        25    -132.0708
        26    -132.7399
        27    -133.3851
        28    -134.1238
        29    -134.8940
        30    -135.7117
        31    -136.3928
        32    -136.9555
        33    -137.5100
        34    -138.0486
        35    -138.5447
        36    -139.0103
        37    -139.4974
        38    -139.8864
        39    -140.0980
        40    -140.3008
        41    -140.4436
        42    -140.4505
        43    -140.2733
        44    -140.1729
        45    -140.0921
        46    -139.9318
        47    -139.6072
        48    -139.2772
        49    -139.0146
        50    -138.7292
        51    -138.3837
        52    -138.0601
        53    -137.6367
        54    -137.1671
        55    -136.6463
        56    -136.0859
        57    -135.5180
        58    -135.0485
        59    -134.5809
        60    -134.1086
        61    -133.6820
        62    -133.1930
        63    -132.6794
        64    -132.1424
        65    -131.5607
        66    -131.0572
        67    -130.4571
        68    -129.8327
        69    -129.2591
        70    -128.7711
        71    -128.1346
        72    -127.4747
        73    -126.8415
        74    -126.2697
        75    -125.7660
        76    -125.3146
        77    -124.9535
        78    -124.5492
        79    -124.0477
        80    -123.5696
        81    -123.0926
        82    -122.8071
        83    -122.6298
        84    -122.5436
        85    -122.5192
        86    -122.5186
        87    -122.5443
        88    -122.5735
        89    -122.6741
        90    -122.8883
        91    -123.1119
        92    -123.3931
        93    -123.6703
        94    -124.0448
        95    -124.2697
        96    -124.4732
        97    -124.7171
        98    -125.0887
        99    -125.4583
       100    -125.7170
       101    -125.9989
       102    -126.3881
       103    -126.7454
       104    -127.0943
       105    -127.4735
       106    -127.9366
       107    -128.4331
       108    -128.9291
       109    -129.3280
       110    -129.7179
       111    -130.1067
       112    -130.5685
       113    -131.0458
       114    -131.5651
       115    -132.1609
       116    -132.8536
       117    -133.5070
       118    -134.1982
       119    -134.8748
       120    -135.4800
       121    -135.9642
       122    -136.4951
       123    -137.0055
       124    -137.3473
       125    -137.4674
       126    -137.5877
       127    -137.5899
       128    -137.3812
       129    -137.1581
       130    -136.9683
       131    -136.7299
       132    -136.3306
       133    -135.7436
       134    -135.1406
       135    -134.4265
       136    -133.6487
       137    -132.8599
       138    -132.0359
       139    -131.1891
       140    -130.3222
       141    -129.4339
       142    -128.5426
       143    -127.6386
       144    -126.8076
       145    -125.9999
       146    -125.2806
       147    -124.5703
       148    -123.8496
       149    -123.0688
       150    -122.3736
       151    -121.7470
       152    -121.1489
       153    -120.3819
       154    -119.6362
       155    -118.9275
       156    -118.1897
       157    -117.3633
       158    -116.5625
       159    -115.8352
       160    -115.1607
       161    -114.5015
       162    -113.8513
       163    -113.0650
       164    -112.3144
       165    -111.5259
       166    -110.6161
       167    -109.5965
       168    -108.6412
       169    -107.6846
       170    -106.6895
       171    -105.7240
       172    -104.7493
       173    -103.7925
       174    -102.9028
       175    -102.2082
       176    -101.7763
       177    -101.3326
       178    -100.9331
       179    -100.7358
       180    -100.6922
       181    -100.6184
       182    -100.6391
       183    -100.8922
       184    -101.2342
       185    -101.5667
       186    -101.9538
       187    -102.4716
       188    -103.1185
       189    -103.8386
       190    -104.6480
       191    -105.5072
       192    -106.3692
       193    -107.2455
       194    -108.1301
       195    -109.0139
       196    -109.9068
       197    -110.7945
       198    -111.7018
       199    -112.5457
       200    -113.4080
       201    -114.1096
       202    -114.7825
       203    -115.4271
       204    -116.1943
       205    -116.9464
       206    -117.6204
       207    -118.3121
       208    -119.1061
       209    -119.8463
       210    -120.5028
       211    -121.1628
       212    -121.8737
       213    -122.5903
       214    -123.3665
       215    -124.0766
       216    -124.7892
       217    -125.5604
       218    -126.4540
       219    -127.3038
       220    -128.1902
       221    -129.1842
       222    -130.2604
       223    -131.3502
       224    -132.4242
       225    -133.4426
       226    -134.3127
       227    -135.0114
       228    -135.6941
       229    -136.3621
       230    -136.8351
       231    -137.0698
       232    -137.3417
       233    -137.4905
       234    -137.4067
       235    -137.2699
       236    -137.1282
       237    -136.9549
       238    -136.5649
       239    -135.9911
       240    -135.3923
       241    -134.6845
       242    -133.9084
       243    -133.1041
       244    -132.2457
       245    -131.3608
       246    -130.4537
       247    -129.5074
       248    -128.5517
       249    -127.6009
       250    -126.7337
       251    -125.9637
       252    -125.2935
       253    -124.6746
       254    -124.0567
       255    -123.4535
       256    -122.9056
       257    -122.4215
       258    -121.9690
       259    -121.4135
       260    -120.8665
       261    -120.2954
       262    -119.7059
       263    -119.0188
       264    -118.3131
       265    -117.6161
       266    -116.9598
       267    -116.3168
       268    -115.7445
       269    -115.0217
       270    -114.2847
       271    -113.5038
       272    -112.6265
       273    -111.6881
       274    -110.8042
       275    -110.0140
       276    -109.2700
       277    -108.5832
       278    -107.8814
       279    -107.3084
       280    -106.8243
       281    -106.4848
       282    -106.3182
       283    -106.1984
       284    -106.2136
       285    -106.3646
       286    -106.5974
       287    -106.8944
       288    -107.2402
       289    -107.7056
       290    -108.2472
       291    -108.7724
       292    -109.3383
       293    -109.9620
       294    -110.7137
       295    -111.5699
       296    -112.4823
       297    -113.4626
       298    -114.4616
       299    -115.4653
       300    -116.4388
       301    -117.3924
       302    -118.1999
       303    -119.0325
       304    -119.8220
       305    -120.5638
       306    -121.2189
       307    -121.7970
       308    -122.4569
       309    -123.0532
       310    -123.6480
       311    -124.2798
       312    -125.0144
       313    -125.7612
       314    -126.5921
       315    -127.4686
       316    -128.4045
       317    -129.3361
       318    -130.2666
       319    -131.0821
       320    -132.0385
       321    -133.0486
       322    -134.0894
       323    -135.1493
       324    -136.1878
       325    -137.2281
       326    -138.1155
       327    -138.9019
       328    -139.6675
       329    -140.4810
       330    -141.0685
       331    -141.5331
       332    -141.9743
       333    -142.3554
       334    -142.6071
       335    -142.7109
       336    -142.7767
       337    -142.7612
       338    -142.5731
       339    -142.3088
       340    -142.0177
       341    -141.6852
       342    -141.3221
       343    -140.9416
       344    -140.5211
       345    -139.9459
       346    -139.3634
       347    -138.7444
       348    -138.0581
       349    -137.4272
       350    -136.8774
       351    -136.3983
       352    -135.9377
       353    -135.5867
       354    -135.2056
       355    -134.8231
       356    -134.4824
       357    -134.1881
       358    -133.9120
       359    -133.4500
       360    -132.9891
       361    -132.5377
       362    -132.0173
       363    -131.4171
       364    -130.7771
       365    -130.0365
       366    -129.2232
       367    -128.3176
       368    -127.4605
       369    -126.6267
       370    -125.9156
       371    -125.1677
       372    -124.3930
       373    -123.6118
       374    -122.9582
       375    -122.3803
       376    -121.7682
       377    -121.2438
       378    -120.8437
       379    -120.5698
       380    -120.3108
       381    -120.1841
       382    -120.1924
       383    -120.1754
       384    -120.1656
       385    -120.2473
       386    -120.3775
       387    -120.5308
       388    -120.7480
       389    -121.1318
       390    -121.6003
       391    -122.1219
       392    -122.7347
       393    -123.3837
       394    -124.0465
       395    -124.7090
       396    -125.4254
       397    -126.0260
       398    -126.6660
       399    -127.3033
       400    -127.8398
       401    -128.2540
       402    -128.5815
       403    -128.9787
       404    -129.2966
       405    -129.5708
       406    -129.8869
       407    -130.2698
       408    -130.6573
       409    -131.1024
       410    -131.6791
       411    -132.3435
       412    -133.0285
       413    -133.7574
       414    -134.4552
       415    -135.2481
       416    -136.1329
       417    -137.0659
       418    -138.0141
       419    -138.8918
       420    -139.7689
       421    -140.4998
       422    -141.1430
       423    -141.7595
       424    -142.3629
       425    -142.7428
       426    -143.0200
       427    -143.3229
       428    -143.5931
       429    -143.7274
       430    -143.6931
       431    -143.6269
       432    -143.4978
       433    -143.1755
       434    -142.8099
       435    -142.4295
       436    -141.9940
       437    -141.5338
       438    -141.0615
       439    -140.5453
       440    -139.9071
       441    -139.2078
       442    -138.4646
       443    -137.6290
       444    -136.8027
       445    -136.0369
       446    -135.3031
       447    -134.6142
       448    -134.0404
       449    -133.3731
       450    -132.7163
       451    -132.1584
       452    -131.6417
       453    -131.1349
       454    -130.4443
       455    -129.7673
       456    -129.0948
       457    -128.3772
       458    -127.5445
       459    -126.7330
       460    -125.8354
       461    -124.8793
       462    -123.8291
       463    -122.7862
       464    -121.8498
       465    -120.9745
       466    -120.0117
       467    -119.0678
       468    -118.1690
       469    -117.2973
       470    -116.4455
       471    -115.5946
       472    -114.8252
       473    -114.1145
       474    -113.4212
       475    -112.7620
       476    -112.2028
       477    -111.6700
       478    -111.0825
       479    -110.5358
       480    -110.0667
       481    -109.6944
       482    -109.3523
       483    -109.0523
       484    -108.8615
       485    -108.7731
       486    -108.7839
       487    -108.8847
       488    -109.0649
       489    -109.3660
       490    -109.7194
       491    -110.1521
       492    -110.6546
       493    -111.1811
       494    -111.7547
       495    -112.3322
       496    -112.8859
       497    -113.5007
       498    -114.1023
       499    -114.6232
       500    -115.2814
       501    -116.0509
       502    -116.7206
       503    -117.3916
       504    -118.1102
       505    -118.9408
       506    -119.8469
       507    -120.8154
       508    -121.8052
       509    -122.8787
       510    -123.8946
       511    -124.9567
       512    -126.0315
       513    -127.1191
       514    -128.2196
       515    -129.1154
       516    -130.0364
       517    -130.9692
       518    -131.7850
       519    -132.4732
       520    -133.1494
       521    -133.8867
       522    -134.5618
       523    -135.2746
       524    -136.0043
       525    -136.7616
       526    -137.4569
       527    -138.2139
       528    -139.0164
       529    -139.8561
       530    -140.6452
       531    -141.4025
       532    -142.0230
       533    -142.6030
       534    -143.1676
       535    -143.7178
       536    -144.1675
       537    -144.4579
       538    -144.6283
       539    -144.7009
       540    -144.5126
       541    -144.2300
       542    -143.8872
       543    -143.4328
       544    -142.9197
       545    -142.3563
       546    -141.7181
       547    -140.9405
       548    -139.9611
       549    -138.8719
       550    -137.7672
       551    -136.4773
       552    -134.9377
       553    -133.4010
       554    -131.8345
       555    -130.1896
       556    -128.4936
       557    -126.6518
       558    -124.7185
       559    -122.7336
       560    -120.6334
       561    -118.5191
       562    -116.3682
       563    -114.2143
       564    -112.0502
       565    -109.8199
       566    -107.6564
       567    -105.3678
       568    -103.0471
       569    -100.7572
       570     -98.5052
       571     -96.2108
       572     -93.7573
       573     -91.2936
       574     -88.6891
       575     -86.0198
       576     -83.2925
       577     -80.5675
       578     -77.7168
       579     -74.8066
       580     -71.8822
       581     -68.9553
       582     -66.0575
       583     -63.2625
       584     -60.5004
       585     -57.7540
       586     -55.0236
       587     -52.3442
       588     -49.7470
       589     -47.2159
       590     -44.7420
       591     -42.4137
       592     -40.1461
       593     -37.9205
       594     -35.7602
       595     -33.6447
       596     -31.5700
       597     -29.5523
       598     -27.6403
       599     -25.8502
       600     -24.1439
       601     -22.4839
       602     -20.9276
       603     -19.5140
       604     -18.1432
       605     -16.8061
       606     -15.5214
       607     -14.2740
       608     -13.1142
       609     -12.0131
       610     -10.9584
       611      -9.9851
       612      -9.0570
       613      -8.1625
       614      -7.2845
       615      -6.4366
       616      -5.6377
       617      -4.8684
       618      -4.1856
       619      -3.5477
       620      -2.9443
       621      -2.3717
       622      -1.8429
       623      -1.4167
       624      -1.0390
       625      -0.7546
       626      -0.5222
       627      -0.3272
       628      -0.1644
       629      -0.0771
       630      -0.0296
       631       0.0000
       632       0.0000
       633       0.0000
       634       0.0000
       635       0.0000
       636       0.0000
       637       0.0000
       638       0.0000
       639       0.0000
       640       0.0000
       641       0.0000
       642       0.0000
       643       0.0000
       644       0.0000
       645       0.0000
       646       0.0000
       647       0.0000
       648       0.0000
       649       0.0000
       650       0.0000
       651       0.0000
       652       0.0000
       653       0.0000
       654       0.0000
       655       0.0000
       656       0.0000
       657       0.0000
       658       0.0000
       659       0.0000
       660       0.0000
       661       0.0000
       662       0.0000
       663       0.0000
       664       0.0000
       665       0.0000
       666       0.0000
       667       0.0000
       668       0.0000
       669       0.0000
       670       0.0000
       671       0.0000
       672       0.0000
       673       0.0000
       674       0.0000
       675       0.0000
       676       0.0000
       677       0.0000
       678       0.0000
       679       0.0000
       680       0.0000
       681       0.0000
       682       0.0000
       683       0.0000
       684       0.0000
       685       0.0000
       686       0.0000
       687       0.0000
       688       0.0000
       689       0.0000
       690       0.0000
       691       0.0000
       692       0.0000
       693       0.0000
       694       0.0000
       695       0.0000
       696       0.0000
       697       0.0000
       698       0.0000
       699       0.0000
       700       0.0000
       701       0.0000
       702       0.0000
       703       0.0000
       704       0.0000
       705       0.0000
       706       0.0000
       707       0.0000
       708       0.0000
       709       0.0000
       710       0.0000
       711       0.0000
       712       0.0000
       713       0.0000
       714       0.0000
       715       0.0000
       716       0.0000
       717       0.0000
       718       0.0000
       719       0.0000
       720       0.0000
       721       0.0000
       722       0.0000
       723       0.0000
       724       0.0000
       725       0.0000
       726       0.0000
       727       0.0000
       728       0.0000
       729       0.0000
       730       0.0000
       731       0.0000
       732       0.0000
       733       0.0000
       734       0.0000
       735       0.0000
       736       0.0000
       737       0.0000
       738       0.0000
       739       0.0000
       740       0.0000
       741       0.0000
       742       0.0000
       743       0.0000
       744       0.0000
       745       0.0000
       746       0.0000
       747       0.0000
       748       0.0000
       749       0.0000
       750       0.0000
       751       0.0000
       752       0.0000
       753       0.0000
       754       0.0000
       755       0.0000
       756       0.0000
       757       0.0000
       758       0.0000
       759       0.0000
       760       0.0000
       761       0.0000
       762       0.0000
       763       0.0000
       764       0.0000
       765       0.0000
       766       0.0000
       767       0.0000
       768       0.0000
       769       0.0000
       770       0.0000
       771       0.0000
       772       0.0000
       773       0.0000
       774       0.0000
       775       0.0000
       776       0.0000
       777       0.0000
       778       0.0000
       779       0.0000
       780       0.0000
       781       0.0000
       782       0.0000
       783       0.0000
       784       0.0000
       785       0.0000
       786       0.0000
       787       0.0000
       788       0.0000
       789       0.0000
       790       0.0000
       791       0.0000
       792       0.0000
       793       0.0000
       794       0.0000
       795       0.0000
       796       0.0000
       797       0.0000
       798       0.0000
       799       0.0000
       800       0.0000
       801       0.0000
       802       0.0000
       803       0.0000
       804       0.0000
       805       0.0000
       806       0.0000
       807       0.0000
       808       0.0000
       809       0.0000
       810       0.0000
       811       0.0000
       812       0.0000
       813       0.0000
       814       0.0000
       815       0.0000
       816       0.0000
       817       0.0000
       818       0.0000
       819       0.0000
       820       0.0000
       821      -0.0077
       822      -0.0286
       823      -0.0689
       824      -0.1348
       825      -0.2259
       826      -0.3743
       827      -0.5537
       828      -0.7516
       829      -1.0252
       830      -1.3326
       831      -1.6704
       832      -2.0413
       833      -2.4615
       834      -2.9876
       835      -3.5483
       836      -4.1438
       837      -4.8544
       838      -5.6210
       839      -6.4194
       840      -7.2373
       841      -8.0653
       842      -8.9039
       843      -9.8171
       844     -10.7427
       845     -11.7015
       846     -12.7310
       847     -13.7819
       848     -14.8462
       849     -15.9509
       850     -17.1362
       851     -18.3955
       852     -19.6830
       853     -21.0057
       854     -22.3836
       855     -23.8129
       856     -25.2670
       857     -26.7976
       858     -28.4464
       859     -30.1417
       860     -31.8968
       861     -33.7779
       862     -35.7810
       863     -37.8278
       864     -39.9124
       865     -42.0967
       866     -44.3968
       867     -46.7468
       868     -49.1361
       869     -51.5813
       870     -54.1044
       871     -56.6735
       872     -59.3271
       873     -62.0003
       874     -64.6796
       875     -67.3490
       876     -69.9952
       877     -72.5415
       878     -75.0547
       879     -77.5495
       880     -79.9167
       881     -82.2892
       882     -84.6402
       883     -86.9632
       884     -89.2469
       885     -91.3585
       886     -93.4855
       887     -95.6106
       888     -97.5897
       889     -99.5113
       890    -101.4823
       891    -103.4613
       892    -105.4675
       893    -107.4940
       894    -109.3930
       895    -111.2944
       896    -113.1694
       897    -114.9880
       898    -116.8497
       899    -118.7014
       900    -120.5473
       901    -122.2365
       902    -123.7776
       903    -125.2696
       904    -126.7045
       905    -128.0462
       906    -129.3161
       907    -130.5623
       908    -131.6783
       909    -132.5773
       910    -133.4150
       911    -134.1657
       912    -134.7034
       913    -135.0718
       914    -135.3948
       915    -135.6958
       916    -135.8758
       917    -135.8451
       918    -135.7496
       919    -135.6578
       920    -135.4896
       921    -135.1925
       922    -134.8285
       923    -134.3031
       924    -133.7250
       925    -133.1152
       926    -132.4891
       927    -131.9049
       928    -131.3705
       929    -130.8343
       930    -130.3274
       931    -129.8790
       932    -129.4396
       933    -129.0001
       934    -128.5710
       935    -128.1756
       936    -127.9054
       937    -127.5489
       938    -127.1386
       939    -126.7667
       940    -126.3897
       941    -125.8632
       942    -125.2859
       943    -124.6891
       944    -124.0463
       945    -123.4531
       946    -122.8389
       947    -122.2346
       948    -121.5537
       949    -120.8241
       950    -120.1059
       951    -119.2958
       952    -118.5735
       953    -117.9728
       954    -117.4659
       955    -117.0331
       956    -116.6714
       957    -116.4406
       958    -116.2443
       959    -116.1157
       960    -116.1306
       961    -116.1730
       962    -116.2509
       963    -116.4319
       964    -116.6938
       965    -117.0322
       966    -117.3806
       967    -117.7181
       968    -118.2309
       969    -118.8594
       970    -119.4030
       971    -119.9716
       972    -120.6162
       973    -121.2928
       974    -122.0972
       975    -122.9555
       976    -123.8248
       977    -124.7328
       978    -125.5688
       979    -126.4057
       980    -127.2377
       981    -128.0211
       982    -128.8196
       983    -129.4791
       984    -130.1671
       985    -130.8292
       986    -131.3791
       987    -131.8028
       988    -132.2564
       989    -132.7864
       990    -133.2688
       991    -133.8035
       992    -134.4138
       993    -135.0619
       994    -135.6591
       995    -136.3244
       996    -137.0120
       997    -137.7026
       998    -138.3489
       999    -139.0883
      1000    -139.7651
      1001    -140.4497
      1002    -141.2304
      1003    -142.0405
      1004    -142.8133
      1005    -143.4910
      1006    -144.1089
      1007    -144.7025
      1008    -145.1002
      1009    -145.4587
      1010    -145.8255
      1011    -146.1414
      1012    -146.4602
      1013    -146.7895
      1014    -147.1074
      1015    -147.3393
      1016    -147.4298
      1017    -147.4696
      1018    -147.5567
      1019    -147.5075
      1020    -147.2585
      1021    -147.0699
      1022    -146.8911
      1023    -146.6848
      1024    -146.4844
      1025    -146.1721
      1026    -145.8072
      1027    -145.4418
      1028    -144.9920
      1029    -144.5803
      1030    -144.1777
      1031    -143.8232
      1032    -143.5161
      1033    -143.1741
      1034    -142.9749
      1035    -142.6758
      1036    -142.3945
      1037    -142.2286
      1038    -142.1868
      1039    -142.1721
      1040    -141.9992
      1041    -141.8843
      1042    -141.6264
      1043    -141.3457
      1044    -141.0519
      1045    -140.8366
      1046    -140.4643
      1047    -140.0611
      1048    -139.7047
