         1     -90.5343
         2    -102.7669
         3     -84.3619
         4     -65.3256
         5     -77.7439
         6     -93.5092
         7     -97.4321
         8     -98.2085
         9    -127.7429
        10    -153.1625
        11    -116.4257
        12     -86.8593
        13    -148.1223
        14    -193.4336
        15    -124.2344
        16     -90.1425
        17    -102.2896
        18     -65.3225
        19     -50.8361
        20     -74.5279
        21     -79.6883
        22     -72.5706
        23    -107.4723
        24    -137.2807
        25    -113.0645
        26    -111.2124
        27    -134.3364
        28    -176.4486
        29    -205.6797
        30    -170.4713
        31    -166.4226
        32    -219.4895
        33    -237.2616
        34    -173.6044
        35    -140.4019
        36    -164.0367
        37    -124.4568
        38     -76.7352
        39     -66.8203
        40     -69.9251
        41    -120.8772
        42    -196.5911
        43    -194.9455
        44    -111.6512
        45     -85.4809
        46    -104.7630
        47     -99.1745
        48     -99.4260
        49     -79.7799
        50     -48.7502
        51     -44.3154
        52     -57.4684
        53     -67.4108
        54     -86.7827
        55    -107.1584
        56     -85.6335
        57     -67.0303
        58     -74.2438
        59     -68.9408
        60     -57.4891
        61     -92.2703
        62    -147.8596
        63    -141.6688
        64    -119.5400
        65    -168.9909
        66    -212.4914
        67    -154.4294
        68    -100.5249
        69    -120.9023
        70    -128.3798
        71     -98.9505
        72    -100.9880
        73     -98.5525
        74     -52.4149
        75     -63.8560
        76    -109.3205
        77     -94.6040
        78     -72.1212
        79    -105.7238
        80    -134.8962
        81    -100.7236
        82    -103.6718
        83    -139.9314
        84    -115.5041
        85    -106.3860
        86    -126.7425
        87    -111.7120
        88     -86.7748
        89     -68.2957
        90     -75.4908
        91     -98.3919
        92    -103.4848
        93    -106.9428
        94     -97.2438
        95     -98.4406
        96    -111.3373
        97    -144.0230
        98    -172.4834
        99    -146.0324
       100    -166.6747
       101    -194.2614
       102    -162.0961
       103    -161.2955
       104    -206.9239
       105    -254.1718
       106    -262.7935
       107    -225.2078
       108    -210.7020
       109    -210.2167
       110    -141.5825
       111     -92.2075
       112    -122.5014
       113    -130.0506
       114     -81.3620
       115     -50.9154
       116    -110.0943
       117    -180.1659
       118    -145.4762
       119     -96.3652
       120    -114.6602
       121    -150.3278
       122    -151.7051
       123    -127.8805
       124    -165.2849
       125    -215.1098
       126    -167.3170
       127    -174.3305
       128    -277.3313
       129    -268.2523
       130    -159.9732
       131    -134.6994
       132    -165.3892
       133    -135.9604
       134    -121.9048
       135    -165.7303
       136    -174.5902
       137    -121.1773
       138     -71.6943
       139     -88.1479
       140    -114.6296
       141     -81.5506
       142     -75.3057
       143    -100.7818
       144     -85.2138
       145     -69.9214
       146     -81.0695
       147     -91.5532
       148     -91.7468
       149     -91.6217
       150    -120.0992
       151    -146.0787
       152    -114.2911
       153     -87.1828
       154    -144.2304
       155    -188.1381
       156    -123.9716
       157     -94.3310
       158    -106.8996
       159     -67.3513
       160     -52.1493
       161     -76.8189
       162     -81.5076
       163     -71.9572
       164    -106.3752
       165    -139.5044
       166    -115.3090
       167    -109.8546
       168    -130.0738
       169    -173.4909
       170    -204.7603
       171    -167.9314
       172    -165.8572
       173    -224.2012
       174    -243.2687
       175    -179.7351
       176    -147.2034
       177    -168.5897
       178    -125.3957
       179     -75.1382
       180     -64.1339
       181     -67.5521
       182    -118.8719
       183    -195.1070
       184    -194.7124
       185    -111.8981
       186     -85.6074
       187    -104.7183
       188     -98.8166
       189     -99.6827
       190     -81.6758
       191     -51.1868
       192     -45.6002
       193     -56.7386
       194     -65.6343
       195     -87.8268
       196    -111.5402
       197     -88.4082
       198     -65.5313
       199     -71.8747
       200     -71.2767
       201     -60.3486
       202     -91.2008
       203    -148.3682
       204    -143.5286
       205    -119.7279
       206    -164.7026
       207    -203.8750
       208    -147.2225
       209     -96.4390
       210    -118.7739
       211    -126.3557
       212     -95.8310
       213     -96.9836
       214     -94.6395
       215     -49.7402
       216     -63.7669
       217    -111.3374
       218     -95.7560
       219     -72.4139
       220    -106.0527
       221    -135.6874
       222    -101.0470
       223     -99.7514
       224    -131.9580
       225    -106.6577
       226     -98.2248
       227    -122.1440
       228    -108.7903
       229     -82.4493
       230     -66.3195
       231     -73.5254
       232     -96.7427
       233    -106.2581
       234    -108.3820
       235     -98.2983
       236    -104.4155
       237    -117.4216
       238    -150.5553
       239    -183.5134
       240    -153.2712
       241    -165.8184
       242    -191.7648
       243    -159.7349
       244    -158.7473
       245    -202.7150
       246    -246.2670
       247    -255.1934
       248    -217.8696
       249    -202.2589
       250    -201.5669
       251    -132.9859
       252     -87.4799
       253    -121.5935
       254    -134.8527
       255     -93.2074
       256     -60.4331
       257    -110.0215
       258    -173.2424
       259    -138.9153
       260     -92.9090
       261    -110.7896
       262    -144.4076
       263    -147.1665
       264    -126.4217
       265    -163.6762
       266    -211.5847
       267    -163.2435
       268    -169.1983
       269    -273.4665
       270    -268.0818
       271    -158.6038
       272    -130.8310
       273    -163.0981
       274    -136.1138
       275    -123.8525
       276    -168.1364
       277    -175.4123
       278    -120.0416
       279     -71.8703
       280     -89.5328
       281    -116.2319
       282     -94.6249
       283     -72.5915
       284     -77.9344
       285     -93.4070
       286     -80.1733
       287     -52.1258
       288     -47.7506
       289     -60.8060
       290     -76.0478
       291     -85.1674
       292    -119.6297
       293    -148.1417
       294    -118.5480
       295    -120.4260
       296    -207.1732
       297    -221.4367
       298    -117.4958
       299     -82.2099
       300    -108.6914
       301    -104.4197
       302     -98.2968
       303     -84.1473
       304    -102.2839
       305    -120.5649
       306     -71.5309
       307     -49.5380
       308     -90.3443
       309    -166.0440
       310    -195.7199
       311    -137.1174
       312    -143.3104
       313    -214.2161
       314    -218.3303
       315    -172.8960
       316    -170.9658
       317    -183.0460
       318    -180.4859
       319    -191.1364
       320    -149.5810
       321    -100.3640
       322    -119.4623
       323    -173.4227
       324    -173.0841
       325     -98.2810
       326     -76.2383
       327     -95.6730
       328     -64.6423
       329     -63.9864
       330     -95.5553
       331     -82.7226
       332     -75.8067
       333     -79.8923
       334     -72.9762
       335     -94.3340
       336    -126.2400
       337    -105.5597
       338     -64.7596
       339     -64.4553
       340     -72.3924
       341     -93.6985
       342    -123.2305
       343    -107.7016
       344     -90.1500
       345     -86.5404
       346     -72.8237
       347     -59.5688
       348     -87.6302
       349    -168.2643
       350    -178.3310
       351    -115.5102
       352    -166.5549
       353    -237.0171
       354    -158.1161
       355     -78.7156
       356    -108.9690
       357    -149.3162
       358    -117.4343
       359    -112.0651
       360    -128.1436
       361     -85.7943
       362     -90.8881
       363    -121.7007
       364     -83.0136
       365     -55.6612
       366    -114.8495
       367    -166.7819
       368    -121.9369
       369    -106.5534
       370    -140.0089
       371    -116.7855
       372    -106.3118
       373    -125.1798
       374    -117.7680
       375     -98.4976
       376     -72.2632
       377     -73.8581
       378    -106.9090
       379    -126.5381
       380    -128.3357
       381    -115.0030
       382    -107.8980
       383    -109.1300
       384    -152.6710
       385    -209.6224
       386    -195.9967
       387    -197.0204
       388    -193.2816
       389    -125.8322
       390    -130.5123
       391    -230.4596
       392    -290.3572
       393    -258.6004
       394    -218.3143
       395    -236.2817
       396    -237.1768
       397    -164.9898
       398    -104.0600
       399    -118.7745
       400    -138.8091
       401     -96.2177
       402     -61.5618
       403    -117.5792
       404    -182.0362
       405    -133.7982
       406     -60.1003
       407     -78.6322
       408    -139.3859
       409    -144.8732
       410    -113.7109
       411    -152.4227
       412    -214.4580
       413    -182.0391
       414    -150.3594
       415    -183.8755
       416    -182.3474
       417    -126.7850
       418    -119.9308
       419    -160.0789
       420    -136.9995
       421     -97.0106
       422    -125.3764
       423    -154.2829
       424    -116.6369
       425     -70.0433
       426     -82.9622
       427    -114.8260
       428    -101.8370
       429     -80.0565
       430     -84.9396
       431     -95.3743
       432     -75.0558
       433     -45.3922
       434     -44.9587
       435     -63.0275
       436     -78.8489
       437     -87.1524
       438    -122.8519
       439    -153.5791
       440    -124.8755
       441    -125.6482
       442    -211.4606
       443    -225.1109
       444    -118.6487
       445     -80.4074
       446    -108.3473
       447    -106.1255
       448    -102.1782
       449     -92.1488
       450    -112.3702
       451    -129.8302
       452     -76.2291
       453     -53.4249
       454     -97.2126
       455    -168.2743
       456    -192.1849
       457    -135.9449
       458    -147.2076
       459    -216.4599
       460    -213.3240
       461    -166.0584
       462    -167.4261
       463    -182.0207
       464    -180.0982
       465    -188.2389
       466    -144.9506
       467     -97.6249
       468    -118.6976
       469    -174.5881
       470    -180.1370
       471    -107.9691
       472     -76.4896
       473     -87.9664
       474     -59.0760
       475     -60.8654
       476     -92.1522
       477     -76.8328
       478     -66.4126
       479     -70.3899
       480     -66.5039
       481     -91.7127
       482    -124.1818
       483    -102.7402
       484     -63.1985
       485     -59.6302
       486     -61.9343
       487     -82.1064
       488    -111.4516
       489     -97.1579
       490     -84.3972
       491     -83.5828
       492     -71.9134
       493     -62.2380
       494     -90.4664
       495    -169.5875
       496    -180.8651
       497    -117.2770
       498    -164.8012
       499    -235.6611
       500    -158.3384
       501     -77.3044
       502    -105.6381
       503    -144.4159
       504    -111.0269
       505    -106.0089
       506    -124.0066
       507     -84.6791
       508     -92.2824
       509    -120.0514
       510     -78.4183
       511     -53.1977
       512    -112.3558
       513    -162.7108
       514    -118.9895
       515    -104.4163
       516    -137.7362
       517    -116.5374
       518    -103.7681
       519    -118.1799
       520    -112.4456
       521     -94.8914
       522     -64.0562
       523     -58.3255
       524     -94.1523
       525    -122.3204
       526    -124.8253
       527    -108.3267
       528     -98.8514
       529    -100.5132
       530    -147.3920
       531    -204.6503
       532    -190.6957
       533    -194.8133
       534    -192.8009
       535    -123.0503
       536    -127.5238
       537    -231.2070
       538    -290.7861
       539    -255.9526
       540    -216.7081
       541    -238.6371
       542    -241.0482
       543    -165.4793
       544    -100.1909
       545    -113.3081
       546    -135.9566
       547     -97.0224
       548     -63.0999
       549    -119.0504
       550    -181.6177
       551    -131.4370
       552     -59.1143
       553     -77.7508
       554    -136.6947
       555    -142.8096
       556    -116.0981
       557    -158.1554
       558    -219.4526
       559    -186.0140
       560    -155.4349
       561    -190.6263
       562    -187.9084
       563    -129.7667
       564    -120.7532
       565    -158.1549
       566    -133.4949
       567     -95.3954
       568    -127.8984
       569    -157.9571
       570    -115.1813
       571     -67.8593
       572     -87.6189
       573    -119.3266
       574    -100.6401
