         1     -90.5224
         2    -102.7598
         3     -84.3575
         4     -65.3223
         5     -77.7421
         6     -93.5054
         7     -97.4262
         8     -98.1938
         9    -127.7085
        10    -153.1200
        11    -116.3512
        12     -86.7076
        13    -147.9172
        14    -193.2134
        15    -123.7982
        16     -89.5560
        17    -102.0373
        18     -65.3335
        19     -50.7707
        20     -74.3130
        21     -79.4419
        22     -72.4727
        23    -107.4968
        24    -137.3147
        25    -113.0628
        26    -111.1989
        27    -134.3523
        28    -176.4697
        29    -205.6622
        30    -170.4965
        31    -166.5000
        32    -219.4977
        33    -237.2374
        34    -173.6090
        35    -140.4099
        36    -164.0358
        37    -124.4577
        38     -76.7542
        39     -66.8882
        40     -69.9792
        41    -121.0680
        42    -196.9467
        43    -195.0462
        44    -111.5914
        45     -85.5079
        46    -104.6973
        47     -99.1220
        48     -99.5448
        49     -79.8029
        50     -48.6136
        51     -43.7296
        52     -56.4991
        53     -66.9233
        54     -86.7654
        55    -107.1984
        56     -85.6759
        57     -67.0330
        58     -74.2254
        59     -68.6824
        60     -56.7472
        61     -91.4978
        62    -147.5161
        63    -141.5933
        64    -119.5389
        65    -169.0140
        66    -212.5206
        67    -154.4495
        68    -100.5212
        69    -120.8881
        70    -128.3639
        71     -98.9335
        72    -100.9525
        73     -98.4794
        74     -52.2959
        75     -63.6565
        76    -109.1176
        77     -94.4313
        78     -71.8021
        79    -105.3353
        80    -134.6314
        81    -100.5765
        82    -103.6273
        83    -139.9276
        84    -115.4738
        85    -106.3611
        86    -126.7405
        87    -111.6961
        88     -86.7414
        89     -68.3193
        90     -75.6366
        91     -98.5510
        92    -103.5322
        93    -106.9357
        94     -97.2483
        95     -98.4404
        96    -111.3333
        97    -144.0302
        98    -172.4912
        99    -146.0470
       100    -166.6892
       101    -194.2586
       102    -162.0997
       103    -161.3054
       104    -206.9297
       105    -254.0341
       106    -262.3567
       107    -224.7516
       108    -210.5194
       109    -210.1394
       110    -141.4924
       111     -92.1570
       112    -122.3055
       113    -127.2972
       114     -76.1326
       115     -48.0799
       116    -110.0259
       117    -180.3190
       118    -145.4984
       119     -96.3341
       120    -114.6440
       121    -150.3074
       122    -151.6798
       123    -127.8672
       124    -165.2643
       125    -214.8372
       126    -166.8170
       127    -174.0845
       128    -277.3393
       129    -268.2688
       130    -159.9764
       131    -134.6943
       132    -165.3886
       133    -135.9631
       134    -121.9051
       135    -165.7470
       136    -174.6321
       137    -121.1983
       138     -71.6344
       139     -87.9273
       140    -112.7903
       141     -78.3978
       142     -74.1058
       143    -101.2939
       144     -85.4514
       145     -69.5298
       146     -79.9257
       147     -90.4274
       148     -91.3540
       149     -91.5735
       150    -120.0331
       151    -146.0004
       152    -114.2352
       153     -87.1636
       154    -144.0698
       155    -187.6596
       156    -123.0266
       157     -92.8311
       158    -105.3755
       159     -66.4263
       160     -51.9336
       161     -76.9326
       162     -81.4823
       163     -71.8633
       164    -106.3774
       165    -139.6574
       166    -115.5061
       167    -109.8905
       168    -130.0478
       169    -173.5006
       170    -204.7308
       171    -167.8690
       172    -165.7935
       173    -224.1441
       174    -243.2294
       175    -179.6820
       176    -147.1445
       177    -168.5568
       178    -125.3880
       179     -75.1579
       180     -64.2446
       181     -67.6898
       182    -118.6635
       183    -193.7419
       184    -192.0796
       185    -109.7997
       186     -85.0740
       187    -104.8621
       188     -99.3006
       189    -100.3190
       190     -81.9026
       191     -50.6858
       192     -44.1160
       193     -55.1039
       194     -65.0379
       195     -87.9545
       196    -111.3444
       197     -87.4966
       198     -64.5465
       199     -71.4416
       200     -71.1851
       201     -60.3256
       202     -91.1912
       203    -148.3492
       204    -143.5456
       205    -119.7721
       206    -164.8213
       207    -204.0359
       208    -147.2810
       209     -96.7625
       210    -119.7437
       211    -128.1958
       212     -97.8715
       213     -96.8500
       214     -92.3575
       215     -48.1134
       216     -62.3911
       217    -108.2503
       218     -92.7567
       219     -71.3482
       220    -105.9609
       221    -135.7882
       222    -101.1238
       223     -99.6855
       224    -131.5831
       225    -105.9481
       226     -97.7712
       227    -122.0741
       228    -108.6073
       229     -82.1274
       230     -66.2124
       231     -73.5626
       232     -96.7866
       233    -106.2569
       234    -107.7155
       235     -96.5734
       236    -102.8034
       237    -116.9610
       238    -150.6143
       239    -183.4902
       240    -153.2283
       241    -165.7708
       242    -191.7068
       243    -159.7410
       244    -158.8300
       245    -202.7824
       246    -246.2577
       247    -255.1153
       248    -217.8037
       249    -202.1419
       250    -201.6125
       251    -133.4018
       252     -88.0014
       253    -121.7295
       254    -133.7304
       255     -91.6181
       256     -59.7349
       257    -109.7369
       258    -173.0120
       259    -138.7510
       260     -92.7277
       261    -110.6970
       262    -144.3704
       263    -147.1534
       264    -126.4566
       265    -163.7319
       266    -211.6356
       267    -162.0872
       268    -166.8374
       269    -272.2794
       270    -268.0647
       271    -158.5651
       272    -130.7887
       273    -163.0876
       274    -136.1199
       275    -123.8338
       276    -168.1076
       277    -175.4091
       278    -120.0538
       279     -71.8402
       280     -89.4675
       281    -115.8453
       282     -93.5053
       283     -71.0568
       284     -76.6876
       285     -92.9999
       286     -80.4154
       287     -52.3764
       288     -47.3312
       289     -59.8053
       290     -75.6234
       291     -85.2781
       292    -119.6235
       293    -148.0866
       294    -118.5448
       295    -120.2934
       296    -206.8622
       297    -221.0109
       298    -116.9771
       299     -81.9837
       300    -108.7159
       301    -104.4079
       302     -98.3034
       303     -84.1747
       304    -102.2980
       305    -120.5652
       306     -71.5253
       307     -49.5236
       308     -90.3297
       309    -166.0443
       310    -195.7208
       311    -137.0785
       312    -143.1950
       313    -213.8023
       314    -217.7937
       315    -172.6895
       316    -170.6313
       317    -182.2473
       318    -179.7777
       319    -190.8725
       320    -149.2866
       321     -99.7959
       322    -119.1086
       323    -173.3269
       324    -172.9949
       325     -98.2035
       326     -75.9200
       327     -95.1091
       328     -64.3298
       329     -63.8764
       330     -95.4552
       331     -82.6630
       332     -75.7850
       333     -79.9117
       334     -73.0112
       335     -94.3742
       336    -126.2566
       337    -105.5575
       338     -64.3940
       339     -63.7314
       340     -72.0345
       341     -93.7018
       342    -123.2260
       343    -107.6947
       344     -90.1478
       345     -86.5407
       346     -72.8433
       347     -59.6059
       348     -87.6478
       349    -168.2642
       350    -178.3335
       351    -115.5125
       352    -166.5546
       353    -237.0163
       354    -158.1172
       355     -78.7205
       356    -108.9778
       357    -149.3208
       358    -117.4198
       359    -112.0619
       360    -128.1980
       361     -85.8473
       362     -90.8768
       363    -121.6813
       364     -83.0273
       365     -55.6804
       366    -114.8702
       367    -166.8331
       368    -122.0051
       369    -106.5872
       370    -139.9963
       371    -116.7499
       372    -106.2826
       373    -125.1979
       374    -117.8918
       375     -98.1742
       376     -71.3823
       377     -73.4061
       378    -106.9545
       379    -126.6205
       380    -127.7821
       381    -113.8184
       382    -107.3417
       383    -109.1781
       384    -152.6896
       385    -209.6198
       386    -195.9868
       387    -197.0071
       388    -193.2822
       389    -125.8597
       390    -130.5482
       391    -230.4782
       392    -290.3633
       393    -258.5990
       394    -218.3249
       395    -236.3104
       396    -237.2423
       397    -163.1681
       398    -100.3001
       399    -116.8202
       400    -138.4799
       401     -95.7681
       402     -61.3370
       403    -117.4944
       404    -181.9654
       405    -132.2607
       406     -55.6433
       407     -74.2595
       408    -137.9597
       409    -144.8844
       410    -113.6905
       411    -152.3615
       412    -214.4144
       413    -181.4407
       414    -149.1593
       415    -183.2397
       416    -182.1380
       417    -126.1949
       418    -119.2783
       419    -159.7996
       420    -136.9951
       421     -97.0622
       422    -125.3844
       423    -154.2479
       424    -116.3470
       425     -69.2660
       426     -82.1847
       427    -114.1130
       428    -100.7770
       429     -79.1743
       430     -84.3681
       431     -93.9181
       432     -72.6491
       433     -43.0669
       434     -43.1063
       435     -62.1970
       436     -78.9318
       437     -87.3368
       438    -122.8865
       439    -153.5471
       440    -124.8657
       441    -125.6615
       442    -211.4835
       443    -225.1157
       444    -118.6485
       445     -80.4181
       446    -108.3568
       447    -106.1366
       448    -102.1783
       449     -92.1225
       450    -112.3528
       451    -129.8285
       452     -76.1953
       453     -53.3578
       454     -97.1542
       455    -168.1781
       456    -191.9611
       457    -135.6699
       458    -146.9400
       459    -215.7064
       460    -212.3668
       461    -165.6226
       462    -167.0897
       463    -181.7795
       464    -180.1269
       465    -188.2588
       466    -144.3614
       467     -96.4882
       468    -118.1797
       469    -174.6207
       470    -180.0959
       471    -107.7857
       472     -76.3238
       473     -88.1771
       474     -59.4164
       475     -60.8603
       476     -91.2327
       477     -74.2530
       478     -63.8777
       479     -70.0124
       480     -66.5163
       481     -90.8710
       482    -123.0336
       483    -101.4289
       484     -60.7664
       485     -55.9598
       486     -58.9657
       487     -79.9349
       488    -109.3985
       489     -95.1251
       490     -83.2778
       491     -83.5029
       492     -71.8799
       493     -62.2169
       494     -90.4857
       495    -169.6061
       496    -180.8688
       497    -117.2915
       498    -164.8199
       499    -235.4940
       500    -157.8253
       501     -76.8386
       502    -105.5598
       503    -143.9827
       504    -109.3792
       505    -104.0292
       506    -123.0640
       507     -84.3855
       508     -91.7161
       509    -119.4517
       510     -78.2042
       511     -53.1594
       512    -112.3533
       513    -162.7008
       514    -118.9021
       515    -103.7324
       516    -136.5526
       517    -116.0200
       518    -102.9870
       519    -116.1865
       520    -110.7603
       521     -94.2691
       522     -64.3991
       523     -60.6445
       524     -97.4093
       525    -123.7862
       526    -124.8842
       527    -108.1697
       528     -98.3324
       529     -99.7838
       530    -146.9693
       531    -204.4967
       532    -190.6040
       533    -194.8127
       534    -192.4582
       535    -121.9470
       536    -126.3163
       537    -230.6801
       538    -290.6902
       539    -255.9171
       540    -216.6905
       541    -238.6283
       542    -241.0690
       543    -165.0621
       544     -99.2581
       545    -111.8885
       546    -133.0283
       547     -93.8079
       548     -61.7495
       549    -118.8383
       550    -181.4756
       551    -129.0269
       552     -52.3521
       553     -71.0730
       554    -134.0596
       555    -142.2241
       556    -115.7642
       557    -157.9187
       558    -219.3176
       559    -185.9498
       560    -155.3518
       561    -190.5718
       562    -187.8839
       563    -129.7509
       564    -120.7581
       565    -158.1647
       566    -133.4744
       567     -95.3558
       568    -127.8642
       569    -157.9211
       570    -115.1339
       571     -67.8233
       572     -87.5977
       573    -119.2777
       574    -100.5660
