         1     -88.9472
         2    -101.2600
         3     -83.3546
         4     -64.5928
         5     -76.3938
         6     -92.2319
         7     -97.0145
         8     -98.1841
         9    -127.6826
        10    -153.0319
        11    -116.3828
        12     -86.8550
        13    -148.0232
        14    -193.3195
        15    -124.3483
        16     -90.2155
        17    -102.0444
        18     -65.2472
        19     -51.1268
        20     -74.9468
        21     -80.0784
        22     -71.9800
        23    -104.9409
        24    -134.7589
        25    -111.9640
        26    -107.5414
        27    -126.3601
        28    -167.9047
        29    -198.2903
        30    -162.7014
        31    -154.2688
        32    -199.6482
        33    -207.3644
        34    -138.8475
        35    -101.8800
        36    -120.6694
        37     -91.0264
        38     -56.1579
        39     -57.3188
        40     -62.3713
        41     -89.2072
        42    -150.3841
        43    -164.7279
        44     -97.1369
        45     -75.5122
        46     -98.9433
        47     -95.5917
        48     -95.1939
        49     -76.8586
        50     -47.2656
        51     -43.8337
        52     -57.9079
        53     -67.5848
        54     -86.5292
        55    -106.6536
        56     -85.4307
        57     -67.0402
        58     -74.2112
        59     -69.0057
        60     -57.6481
        61     -92.3992
        62    -147.9051
        63    -141.6754
        64    -119.5389
        65    -168.9924
        66    -212.4974
        67    -154.4299
        68    -100.5250
        69    -120.9049
        70    -128.3819
        71     -98.9518
        72    -100.9924
        73     -98.5655
        74     -52.4370
        75     -63.8797
        76    -109.3271
        77     -94.6104
        78     -72.1693
        79    -105.7890
        80    -134.9294
        81    -100.7299
        82    -103.6070
        83    -139.5305
        84    -114.9600
        85    -104.9296
        86    -121.9020
        87    -103.3262
        88     -75.6591
        89     -57.1072
        90     -65.0289
        91     -85.0984
        92     -85.3863
        93     -85.6561
        94     -78.8213
        95     -81.8783
        96     -95.2706
        97    -132.5733
        98    -164.4604
        99    -135.4106
       100    -152.0210
       101    -182.9526
       102    -145.3666
       103    -129.4328
       104    -175.0345
       105    -221.1912
       106    -207.4184
       107    -163.6959
       108    -172.4148
       109    -184.2701
       110    -114.9304
       111     -68.5843
       112    -103.9135
       113    -117.0125
       114     -73.7243
       115     -45.0704
       116     -86.5350
       117    -134.9164
       118    -107.0530
       119     -70.7935
       120     -90.5186
       121    -118.5801
       122    -111.5296
       123     -98.7499
       124    -150.2049
       125    -201.7918
       126    -156.6439
       127    -168.1509
       128    -272.4782
       129    -263.1775
       130    -155.9812
       131    -133.2066
       132    -165.1018
       133    -135.5194
       134    -121.2396
       135    -164.5314
       136    -170.9637
       137    -115.2623
       138     -65.3978
       139     -71.2387
       140     -88.1100
       141     -67.0270
       142     -72.3821
       143     -98.8534
       144     -84.1590
       145     -69.2517
       146     -79.9206
       147     -90.4844
       148     -91.4323
       149     -91.6768
       150    -120.0327
       151    -145.8261
       152    -114.1767
       153     -87.1594
       154    -144.1703
       155    -188.1530
       156    -124.1483
       157     -94.4155
       158    -106.7197
       159     -67.2711
       160     -52.2527
       161     -76.9453
       162     -81.6156
       163     -72.1983
       164    -105.6747
       165    -137.4984
       166    -113.6663
       167    -106.9300
       168    -123.7924
       169    -165.5370
       170    -197.0327
       171    -160.0032
       172    -153.9091
       173    -205.0137
       174    -214.1983
       175    -145.4144
       176    -108.0800
       177    -123.8474
       178     -91.7273
       179     -55.1895
       180     -54.8473
       181     -60.3019
       182     -87.6547
       183    -149.2114
       184    -164.6448
       185     -97.6317
       186     -75.8415
       187     -98.6114
       188     -94.7590
       189     -95.2165
       190     -78.5652
       191     -49.3584
       192     -44.9073
       193     -57.1728
       194     -65.8302
       195     -87.6003
       196    -111.0948
       197     -88.3339
       198     -65.6996
       199     -71.9279
       200     -71.2992
       201     -60.3609
       202     -91.1791
       203    -148.3396
       204    -143.5135
       205    -119.7134
       206    -164.6630
       207    -203.8022
       208    -147.1396
       209     -96.3196
       210    -118.5058
       211    -125.8091
       212     -95.2411
       213     -96.9201
       214     -95.0456
       215     -50.0229
       216     -63.7592
       217    -111.2222
       218     -95.6624
       219     -72.3926
       220    -106.0609
       221    -135.6744
       222    -101.0446
       223     -99.7352
       224    -131.5611
       225    -106.0295
       226     -96.7486
       227    -117.3735
       228    -100.3905
       229     -71.5073
       230     -56.0310
       231     -64.4416
       232     -85.1522
       233     -89.8971
       234     -87.9283
       235     -79.1591
       236     -85.9007
       237    -100.0270
       238    -138.9796
       239    -177.0666
       240    -145.9729
       241    -153.2178
       242    -180.8426
       243    -143.3444
       244    -127.2665
       245    -170.8656
       246    -212.5693
       247    -198.6463
       248    -155.8468
       249    -164.2836
       250    -175.9346
       251    -106.6252
       252     -64.0123
       253    -102.5371
       254    -119.5291
       255     -81.9313
       256     -52.9103
       257     -86.8033
       258    -127.8671
       259    -100.0920
       260     -67.1904
       261     -86.3309
       262    -112.8839
       263    -107.5153
       264     -97.1693
       265    -148.4467
       266    -198.9331
       267    -153.6383
       268    -163.4915
       269    -268.5837
       270    -263.1038
       271    -154.8562
       272    -129.5420
       273    -162.8726
       274    -135.5639
       275    -123.0737
       276    -166.9005
       277    -171.8088
       278    -114.1638
       279     -65.5063
       280     -72.4058
       281     -88.3130
       282     -70.5601
