         1     -88.9316
         2    -101.2514
         3     -83.3504
         4     -64.5892
         5     -76.3899
         6     -92.2242
         7     -97.0079
         8     -98.1712
         9    -127.6421
        10    -152.9699
        11    -116.2748
        12     -86.6621
        13    -147.7833
        14    -193.0871
        15    -123.8914
        16     -89.5786
        17    -101.7659
        18     -65.2597
        19     -51.0475
        20     -74.6919
        21     -79.7895
        22     -71.8558
        23    -104.9368
        24    -134.7654
        25    -111.9453
        26    -107.5093
        27    -126.3523
        28    -167.9042
        29    -198.2664
        30    -162.6784
        31    -154.2594
        32    -199.6373
        33    -207.3565
        34    -138.8399
        35    -101.8602
        36    -120.6399
        37     -91.0122
        38     -56.1789
        39     -57.3922
        40     -62.4110
        41     -89.4019
        42    -150.8230
        43    -164.9832
        44     -97.2587
        45     -75.6681
        46     -98.9621
        47     -95.6832
        48     -95.4541
        49     -76.9179
        50     -47.1107
        51     -43.1648
        52     -56.8030
        53     -67.0321
        54     -86.5141
        55    -106.6990
        56     -85.4698
        57     -67.0367
        58     -74.1890
        59     -68.7029
        60     -56.7818
        61     -91.4997
        62    -147.5064
        63    -141.5883
        64    -119.5388
        65    -169.0174
        66    -212.5274
        67    -154.4529
        68    -100.5212
        69    -120.8881
        70    -128.3639
        71     -98.9335
        72    -100.9525
        73     -98.4794
        74     -52.2959
        75     -63.6565
        76    -109.1176
        77     -94.4313
        78     -71.8021
        79    -105.3353
        80    -134.6224
        81    -100.5630
        82    -103.5577
        83    -139.5267
        84    -114.9286
        85    -104.9075
        86    -121.9059
        87    -103.3068
        88     -75.6122
        89     -57.1457
        90     -65.2270
        91     -85.2975
        92     -85.4465
        93     -85.6521
        94     -78.8258
        95     -81.8770
        96     -95.2639
        97    -132.5926
        98    -164.4956
        99    -135.4357
       100    -152.0281
       101    -182.9442
       102    -145.3579
       103    -129.4344
       104    -175.0461
       105    -221.0261
       106    -206.9074
       107    -163.1602
       108    -172.1905
       109    -184.2432
       110    -114.9413
       111     -68.5713
       112    -103.7023
       113    -116.0636
       114     -72.1075
       115     -44.1827
       116     -86.7160
       117    -135.1153
       118    -107.0366
       119     -70.7922
       120     -90.5215
       121    -118.5833
       122    -111.5295
       123     -98.7414
       124    -150.1779
       125    -201.4317
       126    -155.9751
       127    -167.8172
       128    -272.4854
       129    -263.1984
       130    -155.9856
       131    -133.2006
       132    -165.0998
       133    -135.5205
       134    -121.2386
       135    -164.5461
       136    -171.0033
       137    -115.2802
       138     -65.3361
       139     -71.0205
       140     -86.5743
       141     -64.4469
       142     -71.4096
       143     -99.3052
       144     -84.3734
       145     -68.7915
       146     -78.6045
       147     -89.1965
       148     -90.9760
       149     -91.5999
       150    -119.9377
       151    -145.7199
       152    -114.1067
       153     -87.1520
       154    -144.0013
       155    -187.6125
       156    -123.0769
       157     -92.7023
       158    -104.9552
       159     -66.1867
       160     -52.0191
       161     -77.1135
       162     -81.5985
       163     -72.0751
       164    -105.6359
       165    -137.6317
       166    -113.8872
       167    -106.9845
       168    -123.7546
       169    -165.5344
       170    -197.0299
       171    -159.9852
       172    -153.8743
       173    -204.9579
       174    -214.1614
       175    -145.4043
       176    -108.0540
       177    -123.8000
       178     -91.7168
       179     -55.2556
       180     -55.0363
       181     -60.4903
       182     -88.0935
       183    -149.2989
       184    -163.0660
       185     -95.8971
       186     -75.4530
       187     -98.8122
       188     -95.3707
       189     -96.0184
       190     -78.8729
       191     -48.8067
       192     -43.2301
       193     -55.3228
       194     -65.1637
       195     -87.7637
       196    -110.8781
       197     -87.2801
       198     -64.5571
       199     -71.4198
       200     -71.1801
       201     -60.3214
       202     -91.1643
       203    -148.3200
       204    -143.5350
       205    -119.7721
       206    -164.8080
       207    -204.0094
       208    -147.2678
       209     -96.7625
       210    -119.7437
       211    -128.1958
       212     -97.8715
       213     -96.8500
       214     -92.3575
       215     -48.1134
       216     -62.3911
       217    -108.2503
       218     -92.7567
       219     -71.3482
       220    -105.9609
       221    -135.7882
       222    -101.1279
       223     -99.6480
       224    -131.1025
       225    -105.1859
       226     -96.2196
       227    -117.3152
       228    -100.2425
       229     -71.1873
       230     -55.9162
       231     -64.4883
       232     -85.1572
       233     -89.8366
       234     -87.2450
       235     -77.3159
       236     -84.0863
       237     -99.5029
       238    -139.0788
       239    -177.0750
       240    -145.9448
       241    -153.1712
       242    -180.7863
       243    -143.3378
       244    -127.3070
       245    -170.8860
       246    -212.5101
       247    -198.5144
       248    -155.7413
       249    -164.1841
       250    -176.0726
       251    -107.1485
       252     -64.7075
       253    -102.9054
       254    -118.9806
       255     -81.2180
       256     -52.6090
       257     -86.5438
       258    -127.6631
       259     -99.9082
       260     -67.0154
       261     -86.2771
       262    -112.8991
       263    -107.5426
       264     -97.2090
       265    -148.4926
       266    -198.9468
       267    -152.4167
       268    -161.0951
       269    -267.3957
       270    -263.1062
       271    -154.8523
       272    -129.5200
       273    -162.8583
       274    -135.5616
       275    -123.0477
       276    -166.8625
       277    -171.8040
       278    -114.1885
       279     -65.4761
       280     -72.3520
       281     -87.9739
       282     -69.5994
